03a04Ad 0 1073676289 1073676289 14923111.045477198 1094117.0 2490768008645682.0 A
03a05Aa 0 1073545225 1073545225 13450581.9555686 1245456.0 1554614518294484.8 A
03b02Aa 0 1073676289 1073676289 18440919.563101485 2715904.0 2294295061122277.0 A
03b10Ab 0 1073676289 1073676289 8550907.34407319 470596.0 866634555345873.4 A
08a01Ab 0 1073676289 1073676289 21789738.659632564 2483776.0 2690187922878536.0 A
08a02Ab 0 1073676289 1073676289 21392090.864188764 1347921.0 6152845130238498.0 A
08a02Ac 0 1073676289 1073676289 6913127.415366369 352836.0 1134935654385573.8 A
08b01Aa 0 1073348644 1073348644 18451900.81851506 1254400.0 2799167679955880.5 A
08b09Ab 0 1073676289 1073676289 16311631.617426326 776161.0 1779781017765379.2 A
08b10Aa 0 1073348644 1073348644 20415082.431937482 1416100.0 2882316770638202.0 A
09b10Aa 0 1073676289 1073676289 46023410.253991015 11289600.0 6539783361345197.0 A
10a01Ac 0 1073676289 1073676289 12947928.894499851 833569.0 1877980400873635.8 A
10a02Ab 0 1073545225 1073545225 22108634.287013642 1218816.0 4016642198609857.5 A
10a05Aa 0 1073348644 1073348644 19851513.426942833 1979649.0 3323218741344572.0 A
10a07Aa 0 1073676289 1073676289 23661252.046168305 5982916.0 2521359378521262.5 A
10a07Ad 0 1073676289 1073676289 15885191.973532392 2387025.0 1293767781923505.0 A
10b01Aa 0 1073283121 1073283121 24245861.492829558 3122289.0 3450211386834265.0 A
10b02Aa 0 1073676289 1073676289 28981525.571870953 5377761.0 4320242339569079.5 A
10b09Ad 0 1073676289 1073676289 18136077.43485409 3363556.0 2317094458841640.0 A
11a01Aa 0 1073676289 1073676289 21057052.584741343 1252161.0 3780355884392004.5 A
11a01Ab 0 1073610756 1073610756 18517593.377472162 1322500.0 2653197784714596.5 A
11a04Ac 0 1073676289 1073676289 12326641.574667264 1083681.0 1733463123008912.5 A
11a05Ad 0 1073479696 1073479696 17081955.53905664 1117249.0 2683905303344862.5 A
11a07Ac 0 1073545225 1073545225 19975068.392555602 1617984.0 4325182690006189.0 A
11b01Ab 0 1073610756 1073610756 15867975.93120909 2070721.0 2037094000135290.5 A
11b02Ab 0 1073348644 1073348644 17624464.67596265 1865956.0 2704993668546997.5 A
11b09Ad 0 1073545225 1073545225 13359088.488184346 657721.0 2020792310794468.2 A
11b10Ad 0 1073676289 1073676289 22929002.217102405 1787569.0 3724578020099587.0 A
11b10Ae 0 1073610756 1073610756 21427347.02731463 1382976.0 3305166740587670.0 A
12a02Ac 0 1073676289 1073676289 23843035.043400653 1771561.0 4978808570972726.0 A
12a05Ab 0 1073414169 1073414169 11545403.523016272 657721.0 1855549847364108.0 A
12a07Ac 0 1073610756 1073610756 11594131.691385135 1048576.0 1868932246210009.2 A
12b02Ad 0 1073610756 1073610756 13314117.336573206 1666681.0 1498993418111915.5 A
12b09Ac 0 1073348644 1073348644 7004087.360142601 444889.0 792026856283996.9 A
12b10Ac 0 1073414169 1073414169 13870820.298910366 1306449.0 2479874537592908.0 A
13a01Ac 0 1073414169 1073414169 8641785.019578796 872356.0 623426704590077.9 A
13a02Ad 0 1073545225 1073545225 17291136.898180574 1151329.0 4406171723458125.5 A
13a04Ac 0 1073676289 1073676289 16923536.293200556 3132900.0 1609656489316658.0 A
13a05Aa 0 1073676289 1073676289 34976136.73531256 4060225.0 5511258894089434.0 A
13b01Ab 0 1073545225 1073545225 38342701.60801732 5973136.0 6012658279653453.0 A
13b03Ac 0 1073676289 1073676289 25636624.261368144 3326976.0 3572325143175562.0 A
13b09Ab 0 1073610756 1073610756 35350777.18249285 4012009.0 5572319981396898.0 A
14a01Aa 0 1073610756 1073610756 24303119.984963324 1361889.0 4580374370148909.0 A
14a01Ac 0 1073676289 1073676289 23652998.304534588 2433600.0 4059542228835774.0 A
14a02Ab 0 1073414169 1073414169 16642665.477342216 1846881.0 2418997238586053.0 A
14a04Aa 0 1073676289 1073676289 16154021.234639471 2725801.0 2387101853382486.0 A
14a05Aa 0 1073414169 1073414169 21646568.270349257 1885129.0 3072372646683732.0 A
14a05Ac 0 1073676289 1073676289 10659057.252689647 515524.0 1155619719015255.5 A
14a07Aa 0 1073676289 1073676289 21962949.200971022 1825201.0 3160025112884107.5 A
14b01Ac 0 1073676289 1073676289 15223149.810317248 1776889.0 2061114960299219.8 A
14b02Aa 0 1073283121 1073283121 9049366.95306311 756900.0 895312815860069.2 A
14b03Ad 0 1073545225 1073545225 13186259.052315105 1844164.0 1563218765104101.2 A
14b09Ac 0 1073610756 1073610756 31964378.699532825 5313025.0 4321903068938225.5 A
14b10Ad 0 1073479696 1073479696 22843764.440236572 5071504.0 2265316083086423.0 A
15a02Ac 0 1073676289 1073676289 14661890.446044115 1004004.0 2058683661991011.8 A
15a04Ab 0 1073676289 1073676289 18647807.450760033 3247204.0 2061861370140069.8 A
15a04Ac 0 1073676289 1073676289 33634587.87775782 5569600.0 7283313247062439.0 A
15a07Ac 0 1073676289 1073676289 18172628.050113894 2934369.0 2595751588175564.5 A
15b02Aa 0 1073676289 1073676289 18968692.583784696 2016400.0 3062133809300177.0 A
15b03Aa 0 1073348644 1073348644 29609976.135635957 7628644.0 3599919074666868.0 A
15b09Ac 0 1073610756 1073610756 17136634.240852714 2560000.0 1985075573803154.8 A
15b10Ac 0 1073676289 1073676289 14094618.12746886 1868689.0 1948040933477672.5 A
16a04Ab 0 1073414169 1073414169 15510275.663429054 2033476.0 2360441197379594.5 A
16a05Ab 0 1073676289 1073676289 17244237.356304258 1803649.0 2317951369960907.0 A
16b01Aa 0 1073676289 1073676289 22376648.129425544 2778889.0 4267928021861804.5 A
16b02Aa 0 1073676289 1073676289 8531320.934161516 481636.0 1234877367700715.2 A
16b03Ad 0 1073676289 1073676289 11028039.216288695 1401856.0 1485826857340363.5 A
16b09Ab 0 1072955536 1072955536 7169701.942665651 744769.0 828495456157275.1 A
16b10Aa 0 1073479696 1073479696 27365346.631464317 2439844.0 4677171212880843.0 A
03b10Ec 0 1073479696 1073479696 24223311.148500938 3104645.0 4566161608651484.0 E
09a01Ea 0 1073676289 1073676289 12683499.198044825 278784.0 1642333482359063.0 E
09a02Ea 0 1073610756 1073610756 10937788.61316904 620944.0 1506688790507640.8 E
09a02Eb 0 1073676289 1073676289 15659862.617817152 980100.0 2600256925385804.5 E
09a05Ed 0 1073676289 1073676289 15078205.012833407 1002001.0 1913791987907073.5 E
09a07Eb 0 1073676289 1073676289 20866198.120430388 652864.0 5204604195365798.0 E
09b01Ea 0 1073414169 1073414169 9584859.671691287 982081.0 1296876423767671.8 E
09b03Ed 0 1073676289 1073676289 11135265.695306137 1012036.0 1017885157361441.8 E
09b09Ea 0 1073676289 1073676289 18440225.70461209 790321.0 2825166641526614.5 E
10b01Ea 0 1073676289 1073676289 14447728.958422676 1256641.0 1744590235080901.8 E
11a02Ec 0 1073479696 1073479696 30295547.45667539 2256004.0 6115240139609210.0 E
11b01Eb 0 1073676289 1073676289 14808816.56026192 670761.0 3035135874159594.5 E
12a02Ec 0 1073610756 1073610756 9397172.757825246 268324.0 1218676438122949.0 E
12b02Ea 0 1073545225 1073545225 10702500.986830879 419904.0 1569604488814146.8 E
13a01Ea 0 1073414169 1073414169 18152696.53051659 881721.0 2530101674677323.5 E
13a01Ec 0 1073676289 1073676289 30105325.977687083 1550025.0 6935688953639451.0 E
13a02Ec 0 1073676289 1073676289 14653203.136775892 1610361.0 1720125099744050.2 E
13a05Ea 0 1073610756 1073610756 21422280.979340136 2350089.0 3016424461394883.5 E
13b01Ec 0 1073676289 1073676289 46777710.90341621 7896100.0 8914492259719972.0 E
13b03Ed 0 1073414169 1073414169 17719779.330446813 1306449.0 1868407181952859.8 E
13b09Ec 0 1073610756 1073610756 40630740.52460731 5784025.0 7096409542016974.0 E
13b10Ec 0 1073676289 1073676289 16316850.563493108 2414916.0 1869271418326050.0 E
14a01Ea 0 1073676289 1073676289 17210057.19771281 1008016.0 2577105565410169.5 E
14a02Ea 0 1073283121 1073283121 9765080.645359362 606841.0 1329566118234466.2 E
14a04Ed 0 1073545225 1073545225 6734177.435585846 305809.0 700573753952509.6 E
14a07Eb 0 1073610756 1073610756 24779693.130578693 4313929.0 3400451400369633.5 E
14b01Eb 0 1073610756 1073610756 15653218.551739197 1542564.0 1691349235904259.0 E
14b03Ed 0 1073545225 1073545225 15602919.445600921 2137444.0 1878105790559522.2 E
14b09Ea 0 1073676289 1073676289 10594038.26065569 454276.0 1296684434881252.5 E
14b10Eb 0 1073610756 1073610756 19973105.072407875 1885129.0 2906607104451789.0 E
15a01Ea 0 1073479696 1073479696 12726446.675670382 919681.0 1753737493670571.2 E
15a02Ea 0 1073676289 1073676289 17510884.804832004 1814409.0 2461320179153108.5 E
15a05Eb 0 1073414169 1073414169 16784243.566755872 1565001.0 2558916284297109.0 E
15a07Eb 0 1073545225 1073545225 18926552.058038276 1726596.0 2691389440402585.5 E
15b01Ec 0 1073610756 1073610756 27752611.194530345 3798601.0 4228334569406319.5 E
16a01Ec 0 1073676289 1073676289 23769173.75904544 2292196.0 4174954921296963.0 E
16a02Ea 0 1073217600 1073217600 13018978.636743259 624100.0 1362341539620928.5 E
16a02Ec 0 1073479696 1073479696 20278007.663065325 1705636.0 2367261041487038.0 E
16a04Ea 0 1073676289 1073676289 15688413.522617925 1863225.0 1986481831647199.2 E
16a05Ea 0 1073676289 1073676289 7902339.983625598 375769.0 934346077164810.2 E
16a07Ea 0 1073348644 1073348644 26958511.914002042 4549689.0 4035014208340654.0 E
16b01Eb 0 1073676289 1073676289 22983724.601011947 2722500.0 3078522447502839.5 E
16b02Eb 0 1073676289 1073676289 28257562.9579062 6036849.0 3525557755003165.0 E
16b03Ea 0 1073217600 1073217600 14581025.364479518 1177225.0 1797963557341522.8 E
16b09Eb 0 1073676289 1073676289 11249845.207670592 514089.0 1533299159860553.0 E
16b10Eb 0 1073676289 1073676289 17085808.871995658 2137444.0 3073793011352092.0 E
03a01Fa 0 1073676289 1073676289 7275883.942315291 341056.0 1097757495858366.4 F
03a02Fc 0 1072955536 1072955536 16638700.498722741 829922.0 2713153650673545.5 F
03a04Fd 0 1073676289 1073676289 15426526.240450846 184900.0 4249273980457740.0 F
03a05Fc 0 1073676289 1073676289 14916123.03973484 851929.0 2467973354684909.5 F
03a07Fa 0 1073676289 1073676289 20740532.91617117 2900209.0 2704052220580033.0 F
03a07Fb 0 1073283121 1073283121 17427485.345374763 3115225.0 1791334947193608.5 F
03b01Fa 0 1073676289 1073676289 29948901.8650086 2056356.0 5514983554722295.0 F
08a01Fd 0 1073676289 1073676289 44042597.24214589 1065024.0 1.1268210992606434e+16 F
08a02Fe 0 1073676289 1073676289 25402552.399390243 1030225.0 5232228249551569.0 F
08a04Ff 0 1073217600 1073217600 12917679.389656369 1115136.0 2270661894237655.0 F
08a05Fe 0 1073676289 1073676289 22206348.706186086 2792241.0 3369321567037356.5 F
08a07Fd 0 1073479696 1073479696 24419997.8199879 2334784.0 4742145081721898.0 F
08b01Fd 0 1073414169 1073414169 29706465.196771674 3182656.0 4762798975347507.0 F
08b01Fe 0 1073676289 1073676289 22215233.73653483 2601769.0 3558301584101449.0 F
08b02Ff 0 1073676289 1073676289 19649343.634106185 872356.0 3839833575345915.0 F
08b03Fe 0 1073152081 1073152081 6922297.421833141 576081.0 1148618128853085.8 F
08b09Fd 0 1073676289 1073676289 12253880.112132644 1272384.0 1332477494068016.5 F
08b10Fd 0 1073676289 1073676289 26019973.042671945 2762244.0 3607913048309006.5 F
09a01Fa 0 1073217600 1073217600 12978151.340603454 603729.0 2079760315884669.0 F
09a04Fd 0 1073676289 1073676289 8526998.471901106 461041.0 1143687437365835.5 F
09b03Fa 0 1073676289 1073676289 9845491.97565003 525625.0 1837936426629362.2 F
09b03Fd 0 1073348644 1073348644 15224980.198132075 1874161.0 3094575402344594.0 F
10a02Fa 0 1073479696 1073479696 13401240.35031168 685585.0 2888618681185828.5 F
10a04Fd 0 1073676289 1073676289 19238276.489408415 1177225.0 3786375036910132.0 F
10b01Fa 0 1073676289 1073676289 22757074.643838782 1844164.0 4464344742068135.0 F
10b10Fc 0 1073676289 1073676289 17076612.754069176 2019241.0 2404923073102500.0 F
11a02Fb 0 1073676289 1073676289 12351053.289130054 714025.0 1815929707092372.2 F
11a04Fd 0 1073610756 1073610756 10763010.25765509 185761.0 2865866606036121.0 F
11a05Fb 0 1073545225 1073545225 11903036.679042613 690561.0 1848690732795514.8 F
11a05Fc 0 1073676289 1073676289 11892324.836286074 790321.0 1507990488120065.8 F
11b01Fc 0 1073676289 1073676289 8121394.186183615 703921.0 817985236703912.8 F
11b02Fd 0 1073676289 1073676289 21756920.857160054 1932100.0 3639396055551705.5 F
11b03Fc 0 1073676289 1073676289 11738733.96626793 619369.0 1589148171198070.5 F
11b09Fd 0 1073545225 1073545225 8662628.060059689 412164.0 852473150319560.6 F
12a01Fb 0 1073610756 1073610756 7220627.059192434 223729.0 902055976480986.9 F
12b02Fb 0 1073283121 1073283121 10375495.976694915 528529.0 1154674033946248.2 F
13a01Fd 0 1073414169 1073414169 22464089.64067121 1071225.0 4734705031644985.0 F
13a02Fa 0 1073676289 1073676289 16264698.464196416 660969.0 2542039611496769.0 F
13a04Fc 0 1073283121 1073283121 25158725.77268426 1014049.0 7473010572134485.0 F
13a07Fd 0 1073348644 1073348644 15938943.967949316 1315609.0 2676463082224100.0 F
13b01Fc 0 1073676289 1073676289 31966693.335026585 2934369.0 7771756850180017.0 F
13b02Fb 0 1073545225 1073545225 14847750.276152603 799236.0 1874149903554087.0 F
13b03Fd 0 1073610756 1073610756 11203611.440178074 1115136.0 1084729903797089.0 F
13b09Fb 0 1073545225 1073545225 14203073.782845087 1817104.0 1623480737715807.2 F
13b09Fc 0 1073676289 1073676289 26797588.320638873 3940225.0 3592890075887953.0 F
13b10Fa 0 1073676289 1073676289 16795326.504154965 2544025.0 2636002162034062.5 F
14a02Fd 0 1073610756 1073610756 23355293.74118259 1471369.0 3958920858429690.5 F
14a05Fa 0 1073676289 1073676289 12482634.078245634 736164.0 2230902104556816.8 F
14a05Fb 0 1073676289 1073676289 9286302.979524162 446224.0 1676083910531527.2 F
14a07Fd 0 1073676289 1073676289 9862493.075035295 527076.0 1231375865112842.8 F
14b01Fa 0 1073414169 1073414169 7226297.061639489 498436.0 890738134613287.0 F
14b01Fc 0 1073217600 1073217600 9192342.680523442 418609.0 1339022119478922.0 F
14b02Fb 0 1073283121 1073283121 9725732.174204208 665856.0 1216583679041579.0 F
14b09Fc 0 1072890025 1072890025 6240710.704338802 269361.0 1056812973543145.6 F
15a01Fb 0 1073676289 1073676289 8460480.322754169 431649.0 772363556386769.4 F
15a04Fd 0 1073479696 1073479696 15471883.78111588 1404225.0 2088921113565071.5 F
15a05Fb 0 1073217600 1073217600 12278165.35675375 1058841.0 1566591696643595.2 F
15a07Fa 0 1073348644 1073348644 17197517.044261303 1115136.0 2785414830520383.5 F
15a07Fb 0 1073414169 1073414169 7243686.79824958 864900.0 742603332862366.1 F
15b09Fa 0 1073283121 1073283121 6659210.7343108505 383161.0 726788543924379.4 F
16a01Fc 0 1073676289 1073676289 11645961.74438018 1210000.0 1207621717220459.0 F
16a04Fa 0 1073676289 1073676289 15609099.424652927 431649.0 3188053719585288.0 F
16a05Fc 0 1073676289 1073676289 8425388.308540087 613089.0 1264718325360514.0 F
16a07Fa 0 1073348644 1073348644 12471676.76209805 615442.5 1775792052085118.0 F
16a07Fb 0 1072890025 1072890025 5963348.00991527 235225.0 868561008429888.4 F
16b01Fa 0 1073479696 1073479696 2589086.3484998583 182329.0 228590394282360.7 F
16b02Fd 0 1073676289 1073676289 9076836.91586041 710649.0 1065153518302540.5 F
16b03Fa 0 1073676289 1073676289 6326782.054310568 290521.0 821465689915595.4 F
16b03Fd 0 1073348644 1073348644 9120980.060612792 512656.0 1140781351213456.5 F
16b09Fb 0 1073545225 1073545225 5986633.666155027 148996.0 1004219623265640.0 F
16b10Fb 0 1073676289 1073676289 7253892.656691504 408960.5 963518707950476.5 F
03a04Lc 0 1073676289 1073676289 15753053.000550233 724201.0 3311515346617569.0 L
03a07La 0 1073545225 1073545225 24564063.668783344 2699449.0 4463850228266689.0 L
03b01Lb 0 1073676289 1073676289 15069499.58493802 819025.0 2389979284165188.0 L
03b02La 0 1073414169 1073414169 11331655.793170625 624100.0 1995354129855846.5 L
03b09La 0 1073676289 1073676289 16585273.538100114 1030225.0 2726057605670333.5 L
08a01Lc 0 1073676289 1073676289 18341879.87252502 763876.0 3764037232575232.0 L
08a02La 0 1073348644 1073348644 30532964.3592646 3591025.0 5050714983513404.0 L
08a04La 0 1073283121 1073283121 41232067.319530174 8042896.0 8519587830473569.0 L
08a05Lc 0 1073676289 1073676289 16441250.297728833 2067844.0 2124838803734027.0 L
08a07La 0 1073676289 1073676289 61445572.27869543 6416089.0 1.9344166208419132e+16 L
08b01Lb 0 1073610756 1073610756 33970621.560468115 5712100.0 5193725227240642.0 L
08b02La 0 1073545225 1073545225 11321565.49275179 1065024.0 1326938537707306.8 L
08b03Lc 0 1073676289 1073676289 37359601.063994035 4648336.0 6227694547183728.0 L
08b09Lc 0 1073610756 1073610756 32943599.246662702 4774225.0 6421084206922667.0 L
08b10La 0 1073479696 1073479696 27238816.509966925 5035536.0 4550980818665616.0 L
09a02La 0 1073676289 1073676289 21442073.29575264 1814409.0 3645688445703961.5 L
09a04La 0 1073610756 1073610756 21983624.88460752 2829124.0 2989443290154998.5 L
09a05Lc 0 1073610756 1073610756 12891882.60037492 1373584.0 1390912671666865.2 L
09b03Lb 0 1073610756 1073610756 18684290.307969626 3713329.0 1993642481364777.5 L
10a02Lb 0 1073676289 1073676289 33964455.130533755 3470769.0 7727063850938626.0 L
10a05Ld 0 1073217600 1073217600 19160608.459512252 1934881.0 3326135128148849.5 L
10a07La 0 1073479696 1073479696 28016148.654366735 3876961.0 5537297080656655.0 L
10b01Lb 0 1073414169 1073414169 20869026.201482788 2805625.0 2987362982419587.5 L
10b02La 0 1073610756 1073610756 37399596.04394992 5262436.0 7353315835663146.0 L
10b03La 0 1073479696 1073479696 26024176.40170731 3896676.0 4373905211251798.5 L
10b09Lb 0 1073545225 1073545225 34733181.44974038 3888784.0 8005344067408912.0 L
10b10Lc 0 1073676289 1073676289 28512192.100608498 4609609.0 5337165419625536.0 L
11a01Ld 0 1073479696 1073479696 32538319.17805793 1092025.0 7897384397427532.0 L
11a02Ld 0 1073676289 1073676289 34748423.915096544 5354596.0 6208937109147520.0 L
11a05Lc 0 1073676289 1073676289 21341783.417834964 1766241.0 3122230122003809.5 L
11a07Ld 0 1073610756 1073610756 21900570.723759793 4141225.0 3169510612984017.5 L
11b01Lb 0 1073610756 1073610756 34870148.96885906 4363921.0 7779686662296508.0 L
11b03Lc 0 1073610756 1073610756 11327809.853647925 1392400.0 1242096074675342.2 L
11b09Ld 0 1073610756 1073610756 21598468.302546356 2656900.0 3138926572573148.0 L
11b10Ld 0 1073610756 1073610756 26225769.44490832 2917264.0 4669132088196382.0 L
12a01Lb 0 1073545225 1073545225 23642079.470631108 1157776.0 4385798339064240.0 L
12a05Lb 0 1073217600 1073217600 12455214.440311546 1000000.0 1586251775866829.5 L
12a07La 0 1073676289 1073676289 34629601.60611377 5494336.0 5875548130851338.0 L
12b03La 0 1073676289 1073676289 21724873.8317067 2640625.0 2980558090472735.0 L
12b10Ld 0 1073610756 1073610756 17166815.01937086 2579236.0 2121040700192777.8 L
13a01Lb 0 1073610756 1073610756 34657227.480938874 4198401.0 5930145565746913.0 L
13a02Lc 0 1073545225 1073545225 37989113.42382737 5103081.0 8138376382941521.0 L
13a04Lb 0 1073479696 1073479696 19190453.135441877 2815684.0 2400399417229424.5 L
13a05Lc 0 1073676289 1073676289 22680205.407102246 3636649.0 2929247412498160.5 L
13a07Lb 0 1073610756 1073610756 57508808.061556295 10995856.0 1.541168409830884e+16 L
13b01Ld 0 1073479696 1073479696 21789749.894322246 2999824.0 2474294220646408.5 L
13b02Lc 0 1073479696 1073479696 25982481.62509858 3818116.0 4536028650334641.0 L
13b03Lb 0 1073676289 1073676289 29805099.460709404 5982916.0 4606245768979076.0 L
13b09La 0 1073676289 1073676289 28604201.97956229 4844401.0 5048657748065656.0 L
13b10La 0 1073610756 1073610756 38769652.75124418 8994001.0 6861362166683862.0 L
14a02La 0 1073479696 1073479696 16148547.924257474 1026169.0 2062253679779931.5 L
14a04Lb 0 1073676289 1073676289 11695533.637726381 760384.0 1975316181472185.8 L
14a05Lb 0 1073414169 1073414169 8708726.352472117 641601.0 1383022973220958.8 L
14a07Lc 0 1073479696 1073479696 37047458.085462056 2421136.0 8609767742654087.0 L
14a07Ld 0 1073676289 1073676289 41210836.95912635 5013121.0 7940985572933229.0 L
14b03Lb 0 1073676289 1073676289 12643731.503282009 1079521.0 1725392683431427.8 L
14b09Lb 0 1073676289 1073676289 17940541.92111464 1849600.0 2322595515473687.5 L
14b10Lb 0 1073676289 1073676289 13067362.780175438 1792921.0 1824351773910473.0 L
15a01La 0 1073545225 1073545225 34933593.638788894 2873025.0 9071286639134970.0 L
15a02La 0 1073479696 1073479696 29756800.55635359 3359893.0 5838531299619642.0 L
15a05Lb 0 1073545225 1073545225 8930370.41940099 758641.0 1446025895994319.5 L
15a07Ld 0 1073545225 1073545225 27861889.278747097 2614689.0 5562126166536226.0 L
15b01Lb 0 1073610756 1073610756 39964350.37132649 7333264.0 7521760705250349.0 L
15b02Lb 0 1073545225 1073545225 31828742.590378515 3010225.0 6444424578238392.0 L
15b03Lc 0 1073479696 1073479696 21754927.074017253 1811716.0 3446465947253611.5 L
15b09La 0 1073479696 1073479696 11728037.090047393 1058841.0 1161532606472585.2 L
15b10Lc 0 1073414169 1073414169 27440669.78663695 4682896.0 4699841139878837.0 L
16a01Lb 0 1073348644 1073348644 10417013.484340904 404496.0 1879661334275831.0 L
16a02Lb 0 1073217600 1073217600 18096188.836987205 1876900.0 2332662956429784.5 L
16a04La 0 1073676289 1073676289 16470963.412007516 1530169.0 2814095808242422.0 L
16a04Lc 0 1073676289 1073676289 14453192.202308055 1849600.0 2960487480583855.0 L
16a05La 0 1073676289 1073676289 8220873.621646224 583696.0 1212378018266617.2 L
16a07La 0 1073676289 1073676289 69675612.35044435 15610401.0 1.3345774287543776e+16 L
16a07Lb 0 1073676289 1073676289 17209499.698330306 1782225.0 2112139071866445.2 L
16b01La 0 1073676289 1073676289 27378083.174447488 3853369.0 4288131996175385.0 L
16b01Lc 0 1073676289 1073676289 26319980.855339535 4901796.0 3217046952770002.0 L
16b02Lb 0 1073676289 1073676289 21763622.702537697 2205225.0 3363017254297409.0 L
16b03La 0 1073676289 1073676289 25161928.800232306 4888521.0 3331840727436500.5 L
16b09La 0 1073610756 1073610756 31496501.648790233 5958481.0 4214623224763158.5 L
16b09Lb 0 1073283121 1073283121 18048698.438430604 1119364.0 3362399373276665.5 L
16b10Lb 0 1073676289 1073676289 17645869.207650274 1745041.0 3095132477440330.0 L
03a01Nc 0 1073414169 1073414169 16858911.729829326 393129.0 2887392938807935.5 N
03a02Nc 0 1073414169 1073414169 25934203.804879107 877969.0 5277283429115622.0 N
03a04Nc 0 1073676289 1073676289 19003938.381690085 1071225.0 3867671397098049.0 N
03a05Nd 0 1073348644 1073348644 18985587.535945393 864900.0 3179657897347350.0 N
03a07Nc 0 1073676289 1073676289 31695185.34708144 2534464.0 6778617224553774.0 N
03b01Nb 0 1073676289 1073676289 16120151.532084651 1083681.0 2284971630277916.5 N
03b02Na 0 1073676289 1073676289 15436416.824488064 795664.0 2694038808663131.0 N
03b03Nb 0 1073348644 1073348644 15207257.415797777 946729.0 2448211792307521.5 N
03b09Nc 0 1073086564 1073086564 15786863.643407296 1044484.0 2341776424709105.5 N
03b10Na 0 1073676289 1073676289 25572155.37210204 1811716.0 5131165448776933.0 N
03b10Nc 0 1073676289 1073676289 17308092.984302342 1452025.0 2191073017205300.8 N
08a01Na 0 1073348644 1073348644 19126449.552954096 729316.0 3166790113628496.5 N
08a02Na 0 1073676289 1073676289 42703449.47780105 1179396.0 1.1563159104197236e+16 N
08a04Nc 0 1073414169 1073414169 24518575.49677241 2002225.0 4933694821122912.0 N
08a05Nb 0 1073545225 1073545225 14357734.556307042 1684804.0 1665617227110218.0 N
08a07Na 0 1073610756 1073610756 45907358.22391506 5377761.0 9074872037050240.0 N
08b01Na 0 1073676289 1073676289 58490332.11761895 7868025.0 1.3023596411624988e+16 N
08b02Nb 0 1073676289 1073676289 15711382.7784937 1274641.0 2183198940289226.5 N
08b03Nb 0 1073479696 1073479696 27685865.385359462 2396304.0 4844315830033950.0 N
08b09Nb 0 1073283121 1073283121 19070080.796561543 1755625.0 2827736546303803.5 N
08b10Nc 0 1073676289 1073676289 15577566.930484375 2105401.0 1667076986338653.8 N
09a01Nb 0 1073676289 1073676289 13525715.765944801 863041.0 1271122614347630.0 N
09a04Nb 0 1073676289 1073676289 18356023.779533964 2056356.0 2382625570505618.0 N
09a05Nb 0 1073610756 1073610756 10092120.751360683 1113025.0 1030563906979324.9 N
09a07Na 0 1073610756 1073610756 49311517.37964255 6431296.0 1.162605992394904e+16 N
09b01Na 0 1073545225 1073545225 23865842.517478265 2621161.0 3717441965721276.5 N
09b02Na 0 1073610756 1073610756 31865862.163943153 3583449.0 5453914595793301.0 N
09b03Nb 0 1073676289 1073676289 26155589.461958922 3006756.0 4899195934628264.0 N
09b09Nd 0 1073676289 1073676289 17802984.87744387 1893376.0 2573848653910673.5 N
09b10Nd 0 1073676289 1073676289 20083729.26800492 3334276.0 2531682715113539.5 N
10a01Nb 0 1073610756 1073610756 19619652.456683382 1014049.0 3205750271897282.0 N
10a02Na 0 1073676289 1073676289 21147530.636144396 935089.0 4595086949243539.0 N
10a04Nb 0 1073479696 1073479696 13002156.792005854 1018081.0 2185756835401989.2 N
10b02Na 0 1073676289 1073676289 34951130.47113795 5257849.0 6673252383651346.0 N
11a01Nd 0 1073610756 1073610756 8266639.279581392 498436.0 1127513743948971.5 N
11a02Nc 0 1073348644 1073348644 6220560.984803422 446224.0 561553305026158.7 N
11a04Nd 0 1073414169 1073414169 13634423.415342933 2019241.0 1737808656838329.8 N
11a05Na 0 1073545225 1073545225 22166161.9752861 1478656.0 4389128814552825.5 N
11b01Nc 0 1073610756 1073610756 29457282.081862457 3175524.0 5240098004842332.0 N
11b02Na 0 1073283121 1073283121 8105320.063152775 777924.0 769769261296205.2 N
11b03Nb 0 1073283121 1073283121 9102142.569155088 992016.0 968257933763114.0 N
11b09Na 0 1073676289 1073676289 27062495.6639196 3182656.0 5190920217271680.0 N
11b10Nc 0 1073676289 1073676289 20734661.39049266 2954961.0 3291695022005329.5 N
12a01Nb 0 1073676289 1073676289 10180599.295016514 608400.0 1239273622436834.0 N
12a02Nb 0 1073545225 1073545225 24146382.920067843 1790244.0 3767702851602648.0 N
12a05Nd 0 1073545225 1073545225 10260708.027876956 1036324.0 1225639237812913.5 N
12b02Na 0 1073676289 1073676289 11131037.277492506 1317904.0 1283245674789691.0 N
13a01Nb 0 1073610756 1073610756 37900528.52362887 3111696.0 6623470105470685.0 N
13a02Nc 0 1073610756 1073610756 29095357.751494005 2187441.0 5585526206496228.0 N
13a05Nb 0 1073676289 1073676289 9897843.944553368 879844.0 880624766634178.9 N
13a07Na 0 1073610756 1073610756 37298129.639160424 5285401.0 6304508474263413.0 N
13b01Nc 0 1073676289 1073676289 41338422.055944055 5707321.0 9294851299044338.0 N
13b02Nb 0 1073676289 1073676289 35961536.063795425 5121169.0 6102220673889452.0 N
13b03Na 0 1073545225 1073545225 48573679.6651598 7177041.0 1.0496836419238738e+16 N
13b09Na 0 1073676289 1073676289 30017209.78155544 4120900.0 3870594419286421.5 N
13b10Nc 0 1073676289 1073676289 32246467.35433549 4937284.0 5101075360885480.0 N
14a01Na 0 1073610756 1073610756 16221321.276068872 620944.0 2280079549674936.0 N
14a02Nc 0 1073676289 1073676289 21471085.617961824 994009.0 3991305038737565.0 N
14a05Na 0 1073676289 1073676289 19961550.41758309 1648656.0 3191613501584438.5 N
14a07Na 0 1073545225 1073545225 29300209.635715775 2477476.0 5580669966164090.0 N
14b01Na 0 1073676289 1073676289 42714282.69955298 4157521.0 1.0280193347799328e+16 N
14b02Na 0 1073545225 1073545225 21746315.48541743 2117025.0 3557995646252155.5 N
14b10Nb 0 1073610756 1073610756 27983841.80447657 4272489.0 5036810552555909.0 N
15a01Nb 0 1073610756 1073610756 15261996.089513281 889249.0 1836744709782448.2 N
15a02Na 0 1073545225 1073545225 6857150.420610332 311364.0 638518193163420.9 N
15a04Nc 0 1073545225 1073545225 9495824.398122929 840889.0 1410696906835988.8 N
15a05Na 0 1073414169 1073414169 7486918.910163213 705600.0 763770127545857.9 N
15a07Nc 0 1073545225 1073545225 28999587.847104553 3587236.0 5937794334044907.0 N
15b01Na 0 1073479696 1073479696 15007169.538975501 1447209.0 1779042227969735.8 N
15b02Nd 0 1073676289 1073676289 10186535.327076428 984064.0 1117678641558047.8 N
15b03Nb 0 1073610756 1073610756 15957768.50159158 1846881.0 1938493629067260.8 N
15b09Nb 0 1073676289 1073676289 10834433.855497222 938961.0 1262005886876412.8 N
15b10Nb 0 1073610756 1073610756 22985961.463797584 3996001.0 3046527520051369.5 N
15b10Nc 0 1073676289 1073676289 17768867.31545795 2719201.0 2261333732799914.0 N
16a01Nc 0 1073676289 1073676289 18442774.714225248 1690000.0 2293202686067782.5 N
16a02Nb 0 1073545225 1073545225 18741442.022358567 1585081.0 2577723827365612.5 N
16a04Nc 0 1073676289 1073676289 19582377.883689884 3534400.0 2030211018801013.0 N
16a07Nb 0 1073545225 1073545225 62558726.77037337 10673289.0 1.425989649389252e+16 N
16b03Nb 0 1073676289 1073676289 23986178.066119544 3964081.0 3195212489055577.5 N
03a02Ta 0 1073676289 1073676289 16657243.009326275 660969.0 2823445967345826.0 T
03a04Ta 0 1073610756 1073610756 15957655.59508738 1308736.0 2967158056062031.0 T
03a05Tc 0 1073676289 1073676289 16316864.200178683 1010025.0 2405793201209460.0 T
03b01Td 0 1073676289 1073676289 9678636.860334372 294849.0 1074927653010357.9 T
03b02Tb 0 1073545225 1073545225 10882028.271607948 160801.0 1684641664878200.5 T
03b03Tc 0 1073676289 1073676289 6198231.904657444 115600.0 752458462223129.0 T
03b09Tc 0 1073545225 1073545225 23087468.252715584 541696.0 5236183585777345.0 T
08a02Tb 0 1073610756 1073610756 40259546.96740179 2371600.0 1.0535797438806272e+16 T
08a04Tb 0 1073676289 1073676289 25207916.111067675 866761.0 4180039120349019.5 T
08a05Ta 0 1073676289 1073676289 30099911.703445517 2238016.0 5449399470024404.0 T
08a07Ta 0 1073676289 1073676289 35357860.10165331 2758921.0 8345763074944882.0 T
08a07Tb 0 1073610756 1073610756 33646307.79529956 1435204.0 7273558423667262.0 T
08b02Tc 0 1073676289 1073676289 19421603.360174492 828100.0 3812067109597091.5 T
08b03Tc 0 1073610756 1073610756 18007832.439269904 976144.0 3075517187131876.5 T
08b09Tb 0 1073676289 1073676289 15405893.957009155 498436.0 2819847244193070.0 T
08b10Tc 0 1073676289 1073676289 21855384.77020307 1038361.0 3439394460843255.0 T
09a05Tb 0 1073610756 1073610756 17786678.497313634 2418025.0 2680076023041040.0 T
09a07Ta 0 1073676289 1073676289 65098371.72583678 11792356.0 1.4733490964706996e+16 T
09b02Tb 0 1073676289 1073676289 59710477.69624626 14220441.0 1.1964678658044076e+16 T
09b03Ta 0 1073676289 1073676289 58333578.59758444 7425625.0 1.2279629312502102e+16 T
10a05Tb 0 1073610756 1073610756 36775609.501809046 7728400.0 6216874404938626.0 T
10a07Ta 0 1073676289 1073676289 28060641.363723516 5336100.0 4438273480209413.5 T
10b03Tb 0 1073676289 1073676289 26392574.42978603 5673924.0 3606432266421443.0 T
11a02Tc 0 1073676289 1073676289 16256015.81072899 2433600.0 1403524795399997.5 T
11a05Td 0 1073610756 1073610756 7673494.839875293 98596.0 824289594266738.9 T
11a07Ta 0 1073676289 1073676289 28919299.926062632 5062500.0 3863334484001112.5 T
11b02Td 0 1073676289 1073676289 13924616.262398558 1473796.0 1475787261046207.5 T
11b03Td 0 1073545225 1073545225 10497428.29910034 262144.0 1119126189468676.0 T
11b09Td 0 1073610756 1073610756 16306254.46831826 174724.0 2166911271170446.2 T
11b10Td 0 1073676289 1073676289 24233934.283418763 1692601.0 2859855829631356.5 T
12a05Ta 0 1073676289 1073676289 13894346.451051723 537289.0 2024625180942179.2 T
12b01Ta 0 1073676289 1073676289 16826056.756456584 1170724.0 2553473272143053.5 T
12b03Ta 0 1073676289 1073676289 10331153.041838214 810000.0 1034884359459025.0 T
12b09Td 0 1073676289 1073676289 15108845.49861467 767376.0 2336752406419164.5 T
13a02Ta 0 1073610756 1073610756 22181226.347350772 4519876.0 3105062689159371.5 T
13a04Ta 0 1073610756 1073610756 22664083.272239264 4149369.0 2007635494674604.2 T
13a05Tc 0 1073610756 1073610756 16249128.44573306 4289041.0 1294452178328428.8 T
13a07Tc 0 1073676289 1073676289 42099033.61160488 5271616.0 9886682972754668.0 T
13b03Td 0 1073545225 1073545225 31206352.841672946 3204100.0 5710704295099006.0 T
14a02Tb 0 1073545225 1073545225 21299181.19530382 1965604.0 3520100427559390.5 T
14a04Tb 0 1073545225 1073545225 12419954.399926985 1610361.0 1386375646782566.5 T
14a04Tc 0 1073610756 1073610756 5607977.750702785 597529.0 347159623140162.5 T
14a05Ta 0 1073479696 1073479696 13329255.175819399 1535121.0 1137208118529696.5 T
14a05Tc 0 1073676289 1073676289 11319327.166799234 702253.0 1084872837816909.1 T
14a07Tc 0 1073545225 1073545225 21556591.778037384 714025.0 5501380004436682.0 T
14b02Tc 0 1073676289 1073676289 14473184.022625117 529984.0 1912967340793915.8 T
14b03Ta 0 1073676289 1073676289 13716149.58659345 1044484.0 1209489190815587.0 T
14b09Td 0 1073676289 1073676289 13653781.155769136 1522756.0 1322755268006420.0 T
14b10Tc 0 1073676289 1073676289 17982026.476631917 1077444.0 3041269571399752.5 T
15a02Ta 0 1073676289 1073676289 32846231.65701602 2042041.0 6109479641331297.0 T
15b02Tc 0 1073676289 1073676289 41943337.247318216 4691556.0 8751558492396984.0 T
15b03Tc 0 1073676289 1073676289 26270961.528593328 2755600.0 3168021877696434.0 T
15b09Ta 0 1073676289 1073676289 20747195.919769034 1734489.0 2923882612368034.0 T
16a01Tb 0 1073610756 1073610756 10840597.38817382 269361.0 935318672005806.9 T
16a02Tc 0 1073676289 1073676289 47582712.92783211 1703025.0 1.1552267377100118e+16 T
16a04Tc 0 1073610756 1073610756 26715478.315097433 558009.0 3702222688912923.0 T
16a05Tb 0 1073610756 1073610756 24742109.01938163 319225.0 4949689541498064.0 T
16a07Td 0 1073610756 1073610756 11530231.315524869 349281.0 981190922084969.1 T
16b01Tb 0 1073610756 1073610756 17498618.668608304 239121.0 3252008838288131.5 T
16b03Ta 0 1073676289 1073676289 27017274.80172576 2044900.0 2911053558490220.5 T
16b10Tb 0 1073676289 1073676289 35378538.004034996 1774224.0 5891950423047599.0 T
16b10Td 0 1073676289 1073676289 15254074.2932467 799236.0 1414401796735045.8 T
03a01Wa 0 1073676289 1073676289 17426217.980629057 667489.0 3524182280419811.5 W
03a02Wb 0 1073676289 1073676289 11630323.519512625 710649.0 1505963872974838.5 W
03a02Wc 0 1073348644 1073348644 10832594.496766657 318096.0 2539079838931120.0 W
03a04Wc 0 1073676289 1073676289 18426959.070996147 508369.0 4314006836742293.0 W
03a05Wa 0 1073676289 1073676289 9863593.766947614 394384.0 1397491712465810.5 W
03a05Wb 0 1073610756 1073610756 15981038.227065574 541696.0 2964232491950294.0 W
03a07Wc 0 1073610756 1073610756 14788488.467530912 1052676.0 2599709835618700.5 W
03b01Wa 0 1073676289 1073676289 11263828.502967572 810000.0 1291311565304888.2 W
03b01Wc 0 1073610756 1073610756 10215876.56669796 840889.0 981682528155490.9 W
03b02Wb 0 1073348644 1073348644 15461774.175934833 627264.0 2255869325851890.5 W
03b03Wc 0 1073676289 1073676289 8271935.515213048 505521.0 1085830323916446.4 W
03b09Wa 0 1073676289 1073676289 9149032.633455724 462400.0 1608276944521271.0 W
03b10Wb 0 1073676289 1073676289 9971401.02212734 476100.0 1496895252842530.5 W
03b10Wc 0 1072890025 1072890025 14584290.36327805 783225.0 2701211625944213.5 W
08a01Wa 0 1073676289 1073676289 6480341.372214687 281961.0 747249101968164.8 W
08a01Wc 0 1073676289 1073676289 25216972.419574216 857476.0 7095190173729438.0 W
08a02Wc 0 1073021049 1073021049 6245103.87869456 114244.0 1107874981698305.2 W
08a04Wc 0 1073676289 1073676289 18589386.885453098 600625.0 3620366540628678.5 W
08a05Wa 0 1073676289 1073676289 21587739.78396313 1552516.0 4369133546573870.5 W
08a07Wc 0 1073676289 1073676289 11017388.578332255 559504.0 2385965443602344.0 W
08b01Wa 0 1073348644 1073348644 13280450.985416353 574564.0 2374571748489320.5 W
08b02Wd 0 1073479696 1073479696 12597995.314610073 736164.0 2119434192396638.2 W
08b03Wd 0 1073217600 1073217600 3680098.9027105668 156816.0 412000118301111.75 W
08b09Wa 0 1073676289 1073676289 16654064.8542913 795664.0 3594409348055129.5 W
08b09Wc 0 1073348644 1073348644 11964892.826076288 409600.0 1753062730060551.0 W
08b10Wa 0 1073217600 1073217600 12445139.963222103 495616.0 2011523552719219.2 W
09a01Wb 0 1073676289 1073676289 8035642.2683294155 233289.0 1421657633268300.5 W
09a02Wb 0 1073676289 1073676289 5574108.009175004 172225.0 815650656541145.5 W
09a04Wa 0 1073348644 1073348644 6389327.470550206 159201.0 1408361583420987.5 W
09a05Wb 0 1073676289 1073676289 10005671.806995938 651249.0 1317206838845400.2 W
09a05Wc 0 1073676289 1073676289 6761734.224280723 318096.0 846965262006595.8 W
09a07Wb 0 1073414169 1073414169 14684087.660021381 627264.0 3063312552666738.0 W
09a07Wd 0 1073676289 1073676289 13869714.935783772 1542564.0 1816773291734916.8 W
09b01Wb 0 1073676289 1073676289 12839461.159506358 1094116.0 1223524990185520.2 W
09b02Wc 0 1073676289 1073676289 20243109.290305562 2380849.0 3082942888435026.0 W
09b02Wd 0 1073348644 1073348644 7523758.032378818 484416.0 1043413706034839.1 W
09b03Wb 0 1073676289 1073676289 13704324.193958154 923521.0 1956074060568297.8 W
09b09Wa 0 1073676289 1073676289 17348268.627642587 1311025.0 2473503506016156.5 W
09b10Wa 0 1073676289 1073676289 13996833.4658415 1236544.0 2178405635576892.2 W
10a01Wa 0 1072824516 1072824516 8442340.831331894 529984.0 937531539294016.0 W
10a02Wa 0 1073414169 1073414169 11191381.562999733 591361.0 1262636102739176.8 W
10a04Wa 0 1073545225 1073545225 11707085.019910632 940900.0 1647562708393360.8 W
10a04Wb 0 1073283121 1073283121 22761787.585328825 558756.5 7774594447570696.0 W
10a05Wb 0 1073676289 1073676289 3757691.927040128 77284.0 601164992982116.4 W
10a07Wb 0 1073676289 1073676289 7718633.828566904 187489.0 2327673364597780.0 W
10b02Wb 0 1073676289 1073676289 8194806.2554206895 329476.0 1879784884308100.0 W
10b03Wb 0 1073676289 1073676289 16042149.672932226 315844.0 7058380678951267.0 W
10b09Wb 0 1073021049 1073021049 9107667.521180177 266256.0 2858857226949397.5 W
10b10Wa 0 1073610756 1073610756 4183815.5079241362 101124.0 908272750475380.6 W
11a01Wc 0 1073676289 1073676289 8791582.450058602 288369.0 1426689941101629.0 W
11a02Wc 0 1073676289 1073676289 11372076.619064795 355216.0 1975486394755523.5 W
11a04Wc 0 1072955536 1072955536 18478945.11739729 300304.0 4057368489072484.0 W
11a05Wd 0 1073676289 1073676289 11952691.512784002 410881.0 1515740013896599.2 W
11a07Wc 0 1073676289 1073676289 10361628.255710058 338724.0 1489594770049039.8 W
11b01Wd 0 1073676289 1073676289 10094629.044742977 643204.0 1859806418017446.0 W
11b02Wb 0 1073676289 1073676289 20263239.318307746 1311025.0 3840249774122087.0 W
11b03Wa 0 1072693504 1072693504 2998126.7155157835 135424.0 221991372656460.84 W
11b03Wb 0 1072824516 1072824516 12269286.145583581 308025.0 2310287658490389.5 W
11b09Wa 0 1073021049 1073021049 14414962.01007218 702244.0 2581384354071066.5 W
11b10Wa 0 1073676289 1073676289 8709264.088493275 417316.0 1119378027626695.2 W
12a01Wc 0 1073545225 1073545225 7898839.150128507 369664.0 978559310505890.6 W
12a02Wa 0 1073676289 1073676289 13409714.95198806 672400.0 2613116261454977.5 W
12a02Wc 0 1073676289 1073676289 21032835.17174775 1085764.0 4240593447244580.5 W
12a04Wc 0 1073348644 1073348644 17686089.794628 1136356.0 3246729583609965.0 W
12a05Wb 0 1073676289 1073676289 14624018.493759414 697225.0 2217113909845008.2 W
12a07Wa 0 1073479696 1073479696 24980156.20177366 3363556.0 3691733910968973.0 W
12b01Wa 0 1073348644 1073348644 8432770.968739524 559504.0 1005325029601485.8 W
12b02Wa 0 1073676289 1073676289 16074228.12662775 774400.0 3178108428722287.0 W
12b02Wb 0 1073676289 1073676289 11966143.454397539 700569.0 1568382519545020.0 W
12b02Wd 0 1073676289 1073676289 10940268.22307656 449572.5 2572754771110776.5 W
12b09Wc 0 1073021049 1073021049 13109260.92273974 921600.0 2119317303429362.5 W
12b10Wa 0 1073676289 1073676289 10779920.760229474 635209.0 1203590330765422.2 W
13a01Wb 0 1073479696 1073479696 10737404.901576886 463761.0 1913023775894853.8 W
13a02Wa 0 1073545225 1073545225 11109520.514379868 534361.0 1650174819613841.5 W
13a04Wc 0 1073676289 1073676289 20034228.755723994 879844.0 3694672168460491.5 W
13a05Wa 0 1073479696 1073479696 10944468.126903994 748225.0 2153717711149425.8 W
13a05Wc 0 1073217600 1073217600 14095853.0973838 398161.0 2903283768011954.0 W
13a07Wb 0 1073283121 1073283121 10689516.886717236 737881.0 1769939094060578.8 W
13b01Wa 0 1073676289 1073676289 23258157.461273763 3059001.0 3398335873449060.5 W
13b02Wa 0 1073676289 1073676289 28799662.75951992 2729104.0 6058589914990064.0 W
13b03Wc 0 1073676289 1073676289 14076124.549887523 1044484.0 2201392285702573.0 W
13b09Wa 0 1073676289 1073676289 17408918.334765848 956484.0 3960782488203071.5 W
13b10Wa 0 1073545225 1073545225 25853001.330852907 3541924.0 5742635809837052.0 W
13b10Wc 0 1073610756 1073610756 10640133.060000466 1044484.0 1478534896925198.0 W
14a01Wa 0 1073676289 1073676289 15319165.52032055 585225.0 2701091620942713.0 W
14a01Wc 0 1073676289 1073676289 11900150.201083684 471969.0 2164518869948004.0 W
14a02Wa 0 1073217600 1073217600 11201768.29241709 330625.0 1940148830979373.8 W
14a02Wc 0 1073676289 1073676289 12891843.497282121 708964.0 2448912202892567.5 W
14a04Wb 0 1073676289 1073676289 19948683.31235381 1229881.0 4842873534815480.0 W
14a04Wc 0 1073676289 1073676289 14589245.610592365 171396.0 3315624099143149.0 W
14a05Wa 0 1073610756 1073610756 16359038.042552527 877969.0 3130474445254960.0 W
14a05Wb 0 1073086564 1073086564 17661070.650547426 853776.0 3676539147875477.5 W
14a07Wc 0 1073676289 1073676289 10944882.010873515 680625.0 1807568123190068.2 W
14b01Wc 0 1073676289 1073676289 14822968.299220417 1449616.0 1910135421595361.2 W
14b02Wb 0 1073676289 1073676289 9155792.973027064 659344.0 1088749357465420.4 W
14b02Wd 0 1073348644 1073348644 14165738.4384219 859329.0 2470413661168482.0 W
14b03Wb 0 1073676289 1073676289 10640634.612714903 465124.0 2299297508230005.5 W
14b09Wa 0 1073676289 1073676289 9212935.907078007 644809.0 1379136201511346.0 W
14b09Wc 0 1073676289 1073676289 13939789.41235253 1094116.0 2206529199639434.8 W
14b10Wc 0 1073676289 1073676289 7773981.058420619 648025.0 626054173621154.6 W
15a01Wa 0 1073676289 1073676289 13839881.629330058 352836.0 2625826290231212.0 W
15a02Wb 0 1073676289 1073676289 9658171.626422273 310249.0 1265922190599880.5 W
15a02Wd 0 1073676289 1073676289 8074603.122515533 268324.0 894304387690298.9 W
15a04Wa 0 1073414169 1073414169 17435941.944869243 388129.0 3503859994472090.5 W
15a04Wb 0 1073021049 1073021049 18266575.82666759 480249.0 4039788158750206.0 W
15a05Wa 0 1073479696 1073479696 9714807.252178473 659344.0 1045336203640563.0 W
15b01Wc 0 1073676289 1073676289 25545959.73699587 2295226.0 4807383160152136.0 W
15b02Wa 0 1073676289 1073676289 15818746.245541466 958441.0 4027868859030563.5 W
15b02Wc 0 1073610756 1073610756 17000284.23565149 514089.0 4079785793014195.0 W
15b03Wa 0 1073676289 1073676289 12418789.845057335 675684.0 2410558834456152.0 W
15b03Wb 0 1073414169 1073414169 17866302.804492615 1185921.0 3476632328271373.0 W
15b09Wb 0 1073152081 1073152081 6617345.0694686305 334084.0 960124503938929.5 W
15b10Wa 0 1073610756 1073610756 11256670.60446132 919681.0 1161795520800917.0 W
16a01Wb 0 1073676289 1073676289 12695300.221575089 401956.0 2128682681133122.2 W
16a02Wb 0 1073479696 1073479696 5300317.267257513 78400.0 580023879592248.2 W
16a04Wb 0 1073217600 1073217600 5017182.428606279 91809.0 795237995655393.5 W
16a04Wc 0 1073545225 1073545225 9100937.052242404 267289.0 1343112167471430.8 W
16a05Wb 0 1073545225 1073545225 13397954.37420853 980100.0 2217910373766212.0 W
16a05Wc 0 1073414169 1073414169 7715589.049759916 256036.0 1026429168735620.1 W
16a07Wa 0 1073545225 1073545225 7441294.616704715 94249.0 1734648824267442.2 W
16b01Wa 0 1073545225 1073545225 11417691.464294268 996004.0 1210076319329619.2 W
16b01Wb 0 1073217600 1073217600 9071906.074318454 528529.0 921433405927395.4 W
16b02Wb 0 1073676289 1073676289 5758738.827301276 274576.0 616431303136614.4 W
16b03Wb 0 1073217600 1073217600 8122932.92895705 286225.0 986538835043769.0 W
16b09Wb 0 1073348644 1073348644 5940990.370223577 177241.0 785265750737954.5 W
16b10Wa 0 1073676289 1073676289 3562050.7973644696 131044.0 439661096848063.94 W
16b10Wb 0 1073545225 1073545225 9804975.865609514 630436.0 1166867109672248.0 W
