03a04Ad 75.56020551366967 12.164357608758225 70.1004233037861 31.022392257180385 84.90984308819536 1.4675498630242545 0.26002409073647426 62.688738644103495 75.97545152849881 A 
03a05Aa 75.02532480956616 12.038777645521582 70.77585350668849 31.493196688822202 86.50411347754437 0.052578928031200005 0.32491171382067396 62.10783596921688 76.49386741238958 A 
03b02Aa 76.40129706126268 9.86748347220221 73.89314678362184 36.24397591392287 84.33220295331108 0.6060581128029872 1.3757206296410605 66.82811706282011 77.9147447896384 A 
03b10Ab 73.06543827994494 16.97140220261775 68.28751917223593 25.27022936950926 85.05115445821745 2.7605320398754074 1.1567996831758594 48.90929692130511 74.11258253518842 A 
08a01Ab 77.16530785675297 13.618681248531438 74.46041006087458 24.749507932948028 85.51471831589723 1.7806583185858869 1.2230014462970813 60.59009083185652 78.7962230530062 A 
08a02Ab 77.11403955021 12.89110851313821 71.16522165230681 35.27500082319183 89.29861474590861 0.07424231724524713 1.063442985938845 61.689932696408505 77.20465262282494 A 
08a02Ac 72.20556452227397 12.214438247947367 66.57679047197796 30.653010770249473 85.53552641828331 1.5802136828300986 1.089663692995591 53.858092214555825 71.06919088061493 A 
08b01Aa 76.41256893779872 10.830643135729575 70.37551859682536 38.201407462949476 88.18600132343403 1.0802329043007675 2.172551894458842 60.74582336121974 76.79478150812446 A 
08b09Ab 75.86102976502376 14.341608799396488 70.02980440136298 31.163380669569573 85.70748279238315 0.6287572473519625 1.2108863873334585 52.89196755535972 77.60464635447468 A 
08b10Aa 76.84987449771766 12.909517286380021 70.37489902816033 34.417167631461986 86.62852398692853 0.25091913358884405 2.0162596264897057 58.871693634859085 77.44988732055346 A 
09b10Aa 80.43166466917631 10.907878493135913 79.07662346882672 35.5311330250671 86.92680113890744 1.62803125 0.7190246551229843 72.12390245891513 82.23651264216052 A 
10a01Ac 74.93094049912177 11.488984810014728 67.62065546924791 35.27445829989483 84.28805574258783 0.029749999999999978 1.2229630238711509 60.966347664514004 74.93890387618691 A 
10a02Ab 77.2475373820352 14.039067687471077 73.43881005853936 34.77408564194505 86.52395388338388 1.4232103450858244 0.8102789301979513 56.29586783535391 78.90277254614756 A 
10a05Aa 76.73396051202917 12.985750987671924 72.58791649754681 29.498802032240746 86.95047927878946 0.6744220134074911 1.9652849120191194 64.81698454627048 76.7854266878787 A 
10a07Aa 77.54717895428017 9.067993457601585 76.36227299195566 35.88558660253792 85.11593346172994 1.56803125 0.8349061250909922 71.62412735076308 78.59627697096415 A 
10a07Ad 75.81801727007081 10.91423320746092 74.22094425147867 37.23200094061378 82.92292279148967 1.5750208333333335 1.2421770697596455 67.24757178673605 77.62195680668188 A 
10b01Aa 77.61675113857119 10.64259694092498 74.53362203489706 29.04253955744355 86.21907120865419 2.031316893904364 0.8771935298773076 66.83546678773602 78.12358086862281 A 
10b02Aa 78.37860510035689 9.841502489274719 76.14933301368421 38.71796228513609 86.53247148337863 2.4201042215245168 1.4371286709222466 71.04145577772293 80.11635493153887 A 
10b09Ad 76.36538993608308 7.313345150702237 74.58618731245562 46.896839592730885 86.00312652096684 1.9484062500000001 1.5574851857482 69.8124515023402 77.42468099550408 A 
11a01Aa 77.04758642594173 13.260772233572629 73.25416922632394 31.086592847251296 86.2455022517316 1.480886784431117 0.8049082245885516 60.45712798285656 78.77694220219996 A 
11a01Ab 76.49563256609453 12.802356844227297 73.95837456052361 35.08846862396011 83.81823334473277 1.4360090618454673 0.30292200016559645 60.19921065264293 78.5367588043074 A 
11a04Ac 74.7193920248057 14.004524970736 69.9965528899216 26.703918831475093 83.73030406410113 1.497685066811575 0.1712097178795454 62.68954336649851 74.57563452815063 A 
11a05Ad 76.07043283188497 13.355054007522249 70.57624583992114 29.206864141564395 86.46568699823084 0.06147617683740025 1.7871229156255146 58.882304474126485 76.92769647590366 A 
11a07Ac 76.78884465967302 12.999648131209236 70.67986407793704 27.168185678900304 85.28997997295667 0.07826178482118218 1.4021255639414438 63.498383631181184 76.41394830469304 A 
11b01Ab 75.78615057651072 9.812808485418524 72.57334744456898 37.14901759219555 85.76315282901001 0.6549059357592024 1.1071860427373446 66.7363124292467 77.24396578015669 A 
11b02Ab 76.21939283733823 11.085961544605041 72.08695439208518 30.89113483539252 85.9736802696492 2.422608399535979 1.6439662079270154 65.89355317249301 77.0254082456373 A 
11b09Ad 75.00823491641296 15.109560561892422 69.22895441873281 27.55891914044681 84.36724307037285 1.445495112795597 1.5013598846243388 53.77419613664595 74.9862703653844 A 
11b10Ad 77.36805320212808 13.839286272516611 74.49564035867058 36.14375257891847 85.98924066949736 1.3801729894490997 1.6173718362978133 55.14695742163633 79.19261214101151 A 
11b10Ae 77.05339062628381 15.716350943889257 73.24657855151489 33.46285410325886 85.49390424436777 1.7719851108784441 1.9643760881844634 48.97212999679888 78.71061612527585 A 
12a02Ac 77.62908271725898 11.382013328478887 73.29019023864083 36.9474253438535 86.69205141720985 0.07907607884448264 0.2961080610375883 64.54490988751073 79.11927806093595 A 
12a05Ab 74.35851996040066 11.165844399344818 69.88448779831927 38.12459766241936 84.4439567051049 3.142295927787253 0.37912130844124187 55.485191828096646 74.06480525213179 A 
12a07Ac 74.45093930687791 9.197219422066535 70.02952626423524 40.64184945054058 84.0923285878058 0.02666666666666665 1.2682740224505993 63.10665381416263 74.3879560359362 A 
12b02Ad 75.01412152833632 7.864946106037362 71.48684897908973 41.32865375706808 83.76724443260682 0.02898958333333327 1.8511673084319074 65.6557543951236 76.46112045922507 A 
12b09Ac 72.2156343420944 48.029425682818605 68.187488492609 -338.70161379749135 83.43594766057365 1.0326354166666667 1.607006761091161 57.31781742606231 73.38825325907531 A 
12b10Ac 75.20051856774573 10.528696627040883 70.26093308780044 39.574893559895735 85.31944820054215 0.44060608175143573 1.43705646990328 64.28578437590554 75.6808748300753 A 
13a01Ac 73.17133154794072 11.412675058102977 70.251603249355 35.748651288817314 82.974525183609 0.041664877229381767 0.9455110564799429 59.74250106080246 74.87718315875674 A 
13a02Ad 76.19934525462875 10.183058929909853 70.82170027227542 43.74241207658072 87.72458450370782 1.3777472088423128 0.40555713165062074 61.48236032694878 75.50384388438215 A 
13a04Ac 76.10321404620134 9.55272874505187 73.47244340077916 38.43481028923175 85.45280104525843 0.09078991235008804 1.1400213903190757 69.18573309824906 77.80497646712678 A 
13a05Aa 79.18861958738228 8.663601905591138 76.47292198815066 51.22816262396252 87.79098915872314 1.5931723252977728 1.177007240196773 67.08835880072856 80.93382490282357 A 
13b01Ab 79.60572903449061 9.939895154573739 76.52479268501232 37.14607154124442 87.31206707135078 0.042848695425618095 1.1259567169068427 69.46951299132596 81.65544908976118 A 
13b03Ac 77.82273306126821 8.671288011487835 74.75384179438106 45.935546642316304 86.96891380249515 3.234218454531193 2.610799241009367 66.77005680102089 79.1784182312186 A 
13b09Ab 79.23752588369292 10.027647034900259 74.35489389508798 46.81068391118686 87.03217166206755 2.4684203237550317 1.0781097749991306 67.4394530589296 81.10509771299303 A 
14a01Aa 77.66259663567399 12.26410797877111 71.97987379961627 37.119077406507884 86.81792076789003 1.461949636856347 0.4594203560916567 60.737637455193536 79.12482846710289 A 
14a01Ac 77.54920610531956 12.049679964375766 75.0111862114934 36.04769972288213 85.13150087533502 0.06506251710042571 0.2781557991518775 64.78634710593167 78.89404364637794 A 
14a02Ab 76.04151147664255 10.286064235456115 71.26772323856858 33.90837116323515 84.96066982880058 1.006189917822776 0.9198085282226779 65.7318133703271 78.41215644226324 A 
14a04Aa 75.90377355445186 8.492316667410014 73.46962304422816 36.61725192889223 84.18140361943253 0.028500000000000004 0.31960482580149424 68.33202373390093 76.33005262292502 A 
14a05Aa 77.10502183264526 10.868972552991599 72.5231596090935 39.063926302757295 85.12796794719205 0.0385368329474997 1.9343597527135656 63.15401325177713 79.09974388640195 A 
14a05Ac 73.9985742161085 12.93796919992291 67.59534994471869 28.421466402242064 84.79124031006396 0.07486039255348542 3.4487615689389726 54.228166726881994 75.25879081968225 A 
14a07Aa 77.2003107934622 19.732484116990094 73.5426933776393 19.96520382737541 85.43558403876563 2.02984375 0.5459666437363178 53.302215743611534 78.25606768762485 A 
14b01Ac 75.59107029007689 10.688611872259571 71.37331901070006 35.410756559780495 86.39354027245169 0.9405564038574741 1.0702341760967296 64.57526085241292 76.05536609558656 A 
14b02Aa 73.30905630280768 12.58272665481868 68.37615332727731 28.452622307891797 85.45910553223653 1.8514451778030514 2.3438588263139053 60.5672199455685 74.22781424061353 A 
14b03Ad 74.93339374428795 41.510233492087764 71.8870886700792 -333.5455341769909 84.52255056518383 2.11140625 2.5280290435079182 64.87571609224217 76.31423818042981 A 
14b09Ac 78.8085930290069 9.488041547928566 76.72882403460537 42.41161442164021 86.17126265631109 0.027177083333333275 0.7431807323185738 67.60110087498501 80.93672641310955 A 
14b10Ad 77.37490399372702 7.6480555395663545 76.08699316062004 50.276722706793436 83.78287786143513 0.27071813584901344 1.3706931125289927 69.69415275524275 79.39819318519407 A 
15a02Ac 75.45510968785185 13.559175680828066 69.47559817824389 29.1625034117355 85.00417536760814 1.8395571898337655 1.4285855268263696 60.06390722064559 75.91410172541589 A 
15a04Ab 76.49617955410739 9.917068732559551 74.58265572445717 42.22284617881655 84.91043104029318 1.7745681143922565 0.6908859876421197 69.64307359787512 77.98188477820543 A 
15a04Ac 79.05988195317977 12.164697150107761 76.31021776498001 19.14789957425969 88.70865919388802 0.053699583616155566 0.8874275907415731 70.89644493487441 79.8679186145006 A 
15a07Ac 76.38818947514494 9.534532023467467 73.6879478756249 37.34751559946099 84.81845293130503 1.7821041666666668 1.2748543992830679 67.7738423096545 77.29452508692737 A 
15b02Aa 76.52796789845722 12.605042842464579 72.09874594446062 32.60406413413445 86.58373452227913 1.5684849245670356 2.2994788694222583 66.71026798862759 77.10417110165095 A 
15b03Aa 78.43490936072965 5.706344742803688 76.59739744108029 54.47388721097127 85.24085171906069 0.027052083333333345 0.5331261610437835 73.13822136816191 80.18754733205137 A 
15b09Ac 76.10415720526639 10.137264561225082 73.55955207764757 34.57527195456805 84.1287036065594 2.3762724414642347 1.4784109460462997 67.93675587973287 77.58762731175102 A 
15b10Ac 75.26680827750963 8.81834973064806 72.07062536091337 36.07147348890263 85.56018253806451 1.9943645833333334 1.3997764324222952 65.28173918337404 76.53602641876162 A 
16a04Ab 75.71598544948755 9.932520700328348 71.95388304356399 31.960857221373598 84.91936302775308 0.02666666666666665 0.3421046844619302 66.0021319311558 76.72668016716335 A 
16a05Ab 76.10925503872855 12.459268867933895 73.03836046824472 28.73903153067438 84.65321147847273 0.027322916666666565 0.29218155193999157 63.20912057364802 77.43711665675065 A 
16b01Aa 77.26961973279347 12.732175498944754 73.44318776949142 30.822375147627945 86.8104631281256 2.0434217769660625 1.1180773444199164 67.76327676161671 77.98667898787458 A 
16b02Aa 73.05384731994616 13.463070032361243 67.72102698609585 24.09136901578199 86.53721978086236 2.9445999113333774 1.2116359632880187 55.82221582573224 73.5066738238335 A 
16b03Ad 74.1627070787803 11.615730136717671 69.08832268886543 26.63170439348615 85.29903562502649 2.699484424273038 1.541715226385607 64.27664083340821 72.82552902774154 A 
16b09Ab 72.33602335554858 11.02989675536846 67.76506454997269 18.17016239180839 84.41485669164739 0.029114583333333423 0.5850096256784492 61.84015702119443 72.47965380917519 A 
16b10Aa 78.12622787056519 14.301733274826788 73.76230330127649 32.15691289852808 85.83833843939831 2.5546770833333334 1.7432464349225198 60.37823949231475 80.30894087514208 A 
03b10Ec 77.57916811223753 11.152947565117836 73.84666715799875 33.064636835748466 86.27101443800026 2.1260473973042506 0.38959008182702587 67.7229132133974 78.86101778563909 E 
09a01Ea 74.78289200872067 15.087946431827085 68.98694599223285 30.127249815596088 86.53800389560928 2.5591178657999403 1.1863400930756058 47.289796259567574 75.7800163931934 E 
09a02Ea 74.1462741762223 12.581788853765753 67.16303210527262 30.425573123312045 86.3335133761902 2.328302364991183 1.698203616595577 58.06746556988109 75.94707035291756 E 
09a02Eb 75.76435901736721 13.787018367972305 69.10826306204312 31.156537872088393 86.36808831954197 1.4952395833333334 0.5221968651347991 60.42488154125263 76.49812354003895 E 
09a05Ed 75.49688278026088 13.964552102175077 69.87073560622514 27.760388048735468 86.23921496377895 0.08824507543569418 4.494107761547546 52.460163454237716 76.48435755347242 E 
09a07Eb 76.93349940377215 12.483030079745639 68.31861290081497 39.00248951893168 88.79504867979455 0.08624242678964236 1.7864912643107445 56.62043890818033 74.86636732527482 E 
09b01Ea 73.54625920022681 12.757087706354707 68.75827138940386 27.78434472795623 85.68796034493313 3.695941903941802 2.9952027369642167 61.39787233519195 73.85222829292371 E 
09b03Ed 74.18204655539523 14.71684717250187 70.48075477245263 24.573975789736956 84.70756432104265 3.729262696116133 2.5951419802562397 56.391313155801356 76.05216605728587 E 
09b09Ea 76.38269563262638 15.58431201552551 69.71578972510932 28.10602505607486 85.88767553138055 0.7443520656207165 0.4234466165571986 48.23109589251399 76.95150394577395 E 
10b01Ea 75.36042824026522 10.990055577886546 71.18298275840897 29.588781805781768 85.03712999813828 0.7327886029387378 1.3037423542869448 62.58161108701157 76.78453253404616 E 
11a02Ec 78.59893820644366 12.906513115044621 73.88944544952611 38.259173459173695 87.80480957551548 1.102083429452441 0.06746936475401738 63.88305257960059 79.38259296809184 E 
11b01Eb 75.44391704188645 14.312719729976196 68.14025156945888 30.429600533645967 87.58268505608943 1.6533351757733783 1.9245609023420285 49.897689892154204 75.34996395205603 E 
12a02Ec 73.46395937163217 12.489580737282145 65.79897119462147 34.448845402191424 84.91813390253364 0.07997001057303003 0.16385092197758794 53.34299088548345 73.49398790782996 E 
12b02Ea 74.00200223833113 13.755888635909333 67.30498983304457 29.346616890257106 86.40496885710662 1.1383360154759505 5.042156124177748 50.73933188217233 73.30574949296067 E 
13a01Ea 76.37247508710101 11.637233809577971 70.15905978695042 41.912072238187335 83.30183515719631 0.0707661993276788 1.2935671808967786 60.05916516607588 78.41552840241788 E 
13a01Ec 78.54639458125602 10.680880211293209 73.82396793618132 42.894678335031514 87.6313979012814 0.9790923239329434 0.3391055264987267 62.43648995388598 79.23689246767233 E 
13a02Ec 75.43114614656392 8.24209507185814 71.66335395420926 46.162600419925624 82.79159107247654 2.06164043287024 0.13162995425325077 65.322334326054 76.90364955961168 E 
13a05Ea 77.02994144822694 8.432511883223462 73.95069174014279 45.00757046243472 87.22413811277346 3.8997840317156722 3.0498396883750565 67.43293541103864 78.99501575892072 E 
13b01Ec 80.4442378780949 10.853122961596 78.59179599489278 44.06365544877895 88.20737649253171 3.029318462520262 1.3938781462039924 71.54128897365364 82.28488391252786 E 
13b03Ed 76.20465374352509 12.435512594014224 71.77454938266746 36.88488012087115 84.00957202201984 3.860150376860686 0.20001909151479644 57.896173290758604 77.70298970153029 E 
13b09Ec 79.83977160073084 10.061219120606685 78.75815237394042 41.92019227686703 87.06944619543518 1.5336917235596943 0.5799557186167851 69.79144773981912 82.13917533074797 E 
13b10Ec 75.87003882275249 9.7563401906706 73.29535133154556 37.94183130154316 85.33414551632055 0.04138910083621248 0.7152570751058122 67.86304606661454 76.7711411348583 E 
14a01Ea 76.09697160085814 13.386756972610073 70.74968237605376 33.27474010497522 86.81052062112948 2.6235889936752432 2.082533843012498 58.03457243025948 77.59143190958989 E 
14a02Ea 73.64972504525466 12.674425600085724 67.62512544781112 33.12283417023258 84.53913267285878 0.044103280727402105 1.5048230729808172 59.28728373404674 74.22010294953043 E 
14a04Ed 72.0275018856489 14.611551112846145 65.85193643423702 26.64894320663648 84.80769862759865 2.0408861319027567 0.3205626506263438 53.079441600784065 72.98433153524016 E 
14a07Eb 77.67491140047726 11.021041188914566 75.61856365745125 35.974727586518306 85.72100183134013 1.202049971475849 1.9950340062822913 66.62567310559562 78.89947202084312 E 
14b01Eb 75.68520164084396 10.388926007398203 71.43505738642295 37.20479791061058 83.66257958963395 0.08539551690297056 1.7734889702148522 63.895647494806795 76.54088677018007 E 
14b03Ed 75.64571034641128 12.06968607415994 72.67520816690212 30.33802929828631 83.83065203949012 4.9659901575804195 2.596151760786576 64.81457598538545 76.70611502272776 E 
14b09Ea 73.97274518449396 13.91381133292424 66.5193773294536 32.136548037823985 86.60560956826149 2.415731494882032 1.059974260519882 49.86670619043734 74.4036267000279 E 
14b10Eb 76.73677733637975 12.04683582528533 73.01536995793916 36.60846622572019 85.94899418789943 3.603959489321773 1.5874249191627077 62.18015681118804 78.94702854137188 E 
15a01Ea 74.80713170105305 11.269145940788933 71.24936625094028 36.86308373667982 84.08308471816626 2.396717272161912 0.7076050221617551 63.26281048217106 75.39067286177888 E 
15a02Ea 76.19229756981382 11.476786065365527 72.83874738490726 38.72145266257459 85.1558361270815 1.679752054910893 1.2762716909737237 66.69316604985315 77.93432115875481 E 
15a05Eb 75.97062923860393 11.56610710931531 71.247370042385 29.709503273851617 88.10755888884638 0.9338107257434849 1.389525695074206 65.18007990424242 76.63533904930247 E 
15a07Eb 76.53345115103497 10.12833028478149 73.33584011818364 40.78320553298912 85.31133782225638 0.10048714690718857 1.2127166142585313 65.77729662704729 77.10421357752418 E 
15b01Ec 78.17847794942213 10.85968793876599 75.40244772973006 34.39069178678826 85.28575111637889 2.910539558985661 0.8942105945523038 68.63337451311781 80.08405421544813 E 
16a01Ec 77.52157153486931 12.888087498331497 73.61031224572375 31.527302323906138 88.01905686747223 0.47108946311814054 1.2233796878907872 64.69593401809703 79.10257723136996 E 
16a02Ea 74.88828898792426 16.90828817874331 66.96358478431569 25.239863233611217 84.12213756939444 0.0654972200171218 0.172499233929368 54.0362648748727 76.61837421959811 E 
16a02Ec 76.82421581490767 13.6277885810068 72.84571259195877 34.611824263522124 83.71931288414879 1.8090161805747724 0.15200118093542525 61.47626305135459 78.85442646182442 E 
16a04Ea 75.70877421938481 11.098888515322367 72.07071732684739 35.219657045285075 85.01189791066619 2.578102322318007 0.9504560304074735 65.36651266856425 75.98889763116841 E 
16a05Ea 72.68673879317366 16.4550938691787 66.08474451088603 20.055274734739857 84.7231475039884 0.5180111442958905 0.9435415374586994 50.29002347123467 73.17290295268052 E 
16a07Ea 78.05010633287598 12.128229590697535 74.35033139024421 28.826631057755392 86.95257182607877 0.028218749999999883 1.2134890292073683 67.90707316677259 80.15226449881456 E 
16b01Eb 77.34664653226851 13.701489280263866 73.07723147445574 28.876571246302237 86.59579790248182 3.3421165499099867 1.9642796369451747 66.83529037908043 78.181844050892 E 
16b02Eb 78.23239592089647 12.270403726020533 76.14388841666849 32.400814748868996 86.09722081051099 1.6252756674294409 1.6813886484322533 71.1752836494241 79.83670922867981 E 
16b03Ea 75.34518803656172 14.4101194361103 69.23639552123672 26.78244898813976 86.78945937495503 4.542833648073777 0.5774782624628677 60.118437444980934 76.70530254759531 E 
16b09Eb 74.22730549840436 15.421558318699104 66.0065177293178 21.572512470505384 86.58153591902636 1.948348598586851 0.9601482995544786 57.50372874695492 73.62775953327977 E 
16b10Eb 76.06617791719374 11.76681207382201 71.67038239536049 30.478229996540545 86.79230593606769 0.8677138836759394 2.2445839928469797 65.2124081225449 75.8560220894679 E 
03a01Fa 72.40973003460377 12.216377892070124 66.49132682178237 31.50388534851941 83.84131472107056 0.07586639001622603 0.16524824191562915 54.72716209673267 71.93605752678806 F 
03a02Fc 75.99773722985411 14.92996297496267 70.19882104527059 31.01867041675817 86.73090642563959 1.462182727233874 1.0590329664944382 54.60352703106042 77.27462255102664 F 
03a04Fd 75.6831431206446 14.46988226962357 62.64110721970149 25.781724107142953 86.33974552355646 0.03701410286085942 0.46215288475032534 52.79976331508857 73.25969247374013 F 
03a05Fc 75.47478230427555 12.159035128872851 70.02839176002564 35.23645130784765 87.09129709787659 1.4966010558731768 1.8614354427469937 58.27170510818621 75.82239763154993 F 
03a07Fa 76.93553624816248 11.611265466897414 74.4989247619924 37.17113678103123 84.31991140123083 0.0387353522029487 0.8216011968166145 65.21194266332014 78.54839521137208 F 
03a07Fb 76.17190245385561 10.016715864023103 73.4009625076298 36.99439576034293 84.36745406653114 0.02827083333333317 1.8647105157296837 67.32871071448432 77.6971979917224 F 
03b01Fa 78.52482080938051 11.785179910179572 73.55029782450248 39.25210835810954 87.6040621118249 2.2950594557756268 1.4897823265670544 63.57355833839626 80.35340414836463 F 
08a01Fd 80.20954313849742 12.893771141232884 71.39089579146702 46.45765747262905 88.42386195957135 0.11903490509655718 1.0548279552633066 57.26136202842498 82.5657397927488 F 
08a02Fe 77.8631878286989 11.303858485611519 71.99748505639164 45.86448701541421 86.98103129249665 0.061892496434722485 0.34741766801758817 58.159219344365816 78.6265792190637 F 
08a04Ff 74.89757549693677 11.126327555982604 70.80931527173041 34.7606445528725 87.99531315572663 0.08731502234491767 0.23128980927173493 60.647707141786526 74.49973028668697 F 
08a05Fe 77.20871231304064 11.941600926567792 73.92971276549041 39.08002535858851 86.23354198306815 0.07363105692436614 0.37016587397210876 63.15988472314595 77.90808301519054 F 
08a07Fd 77.65919753289364 11.595865755893572 73.02926136175189 36.70720552035353 86.4810343645535 0.6398340630271383 0.3377546857795204 64.92658091825959 78.22982303221673 F 
08b01Fd 78.48472248073661 11.900530436534593 74.37105364769147 37.9664879479237 87.03307904643884 1.0059508318549149 1.2445433372718393 65.77677364016829 80.56632576815522 F 
08b01Fe 77.22096872261291 10.55832157458469 73.00532620595496 38.59612650740645 87.67938627891151 0.9184134141660075 1.9290229785998532 66.72040830111285 77.63796190967646 F 
08b02Ff 76.68462786654688 11.843689178247356 68.41914832928066 37.57217547547741 86.35792892846429 1.0406784668973317 0.26088234458442083 60.2502719206835 76.80152049257192 F 
08b03Fe 72.13256424981017 11.56324493450472 66.96183340446467 26.29057431959635 86.72069845158013 2.9306353212350422 0.4375264700305698 57.55498124307334 72.58152364554695 F 
08b09Fd 74.62728177331601 11.952802817883393 69.77166193354475 28.631147073552626 85.67050683608713 0.06688286606096824 0.755829252191406 61.216280849265665 75.76740046281185 F 
08b10Fd 77.91258475420705 11.180805587503055 73.41667541263642 41.5594237563339 86.42189044615004 0.7064000676141567 0.18731970540714027 65.23758552294909 79.13477697442273 F 
09a01Fa 74.92551420171759 14.310736220689039 66.43333970242028 21.895213955903028 83.85853238061505 0.9248545429334524 0.41681146882852455 58.97066844491522 74.26681298744883 F 
09a04Fd 73.12144524656728 14.442718042522888 65.501454259893 21.90912708251423 82.31922380328837 1.426630824114929 0.2803471409973192 56.60337767983696 72.82740257882287 F 
09b03Fa 73.67010684816873 11.673137647041388 66.07144635852933 22.01617890036473 85.74756146442094 0.027510416666666572 1.5537416328467513 59.78006744781608 70.47464067883945 F 
09b03Fd 75.56531326694406 9.904451322677764 70.96035200859136 33.590655600072395 87.25306002843021 0.02958333333333322 1.596094598210493 65.97056588180789 75.31582324531531 F 
10a02Fa 75.08700487727309 12.350450271672402 69.06357087885613 35.04345141182672 87.67102538946769 1.4433878212484816 0.869326090260668 58.90370157498324 74.16017948456556 F 
10a04Fd 76.65642419072596 11.684977678535416 71.26706084431021 37.9069823605327 86.35424444456626 1.4575082783811566 0.2565105285237624 62.395068501428156 77.1918560383954 F 
10b01Fa 77.33731553687551 11.681103914151565 72.12274024183859 36.09389783270215 88.00922987958184 2.384099930477121 0.7589332254925821 65.23125632704195 77.71783037599286 F 
10b10Fc 76.09705343813278 10.195573478463732 71.81303904178175 36.525460889109745 85.97722278044168 0.029208333333333204 0.25438921690010474 66.11826432589335 76.08561228499428 F 
11a02Fb 74.71562027902932 13.303977184534146 67.6585524534485 28.02478131196334 85.72072602939573 1.7519511771663536 0.9150524855062184 58.86923001149651 74.76695395516853 F 
11a04Fd 74.11307980680127 14.692713999519881 62.09809883408157 21.33083003393909 87.20300192022466 1.798772659372708 0.17273492829675144 52.45489175148668 71.06733820207884 F 
11a05Fb 74.48884552471178 13.492846779105372 68.01416163105803 25.171051528389814 86.66559347018494 0.910334766092622 2.829256667868765 58.63907268979078 73.55062155951461 F 
11a05Fc 74.48223219441817 13.476008541366676 69.11054826124372 24.06443006453446 85.81626644297947 3.7699068182460542 0.37750392782988484 57.44216328190351 74.24383296280776 F 
11b01Fc 72.84948802214502 12.24774251563867 68.37943934029681 26.741869419948944 85.29879873231124 2.504377093628999 1.3881654236479306 60.26584714479443 73.50441719503812 F 
11b02Fd 77.1141829050762 50.09207249393526 72.91976329949813 -335.3947090354953 85.19067423734994 1.7374687500000001 2.0221442263934715 64.81957068840383 78.38145740919563 F 
11b03Fc 74.42319673736134 12.868865852869531 67.49846404778451 24.607048478117267 87.06872465076444 3.7772023710756066 0.6135529244830676 58.756237304354464 74.73463540865512 F 
11b09Fd 73.11883361895305 14.221197506475876 65.47258353539357 24.80063005623204 83.40951993220298 1.026206128509471 1.739624088982463 55.05241291212974 73.73210231498598 F 
12a01Fb 72.37494668258653 14.859967058948673 65.36055391832713 21.336796724679388 82.26320781922173 0.4439723582219563 0.20329014946599833 51.72097507592741 73.3659256176379 F 
12b02Fb 73.89760684862999 13.264503278640722 67.83403028238467 28.94950045217701 84.17714807942049 3.2356418700219463 0.18250396813299194 57.756834572926905 74.49204352682531 F 
13a01Fd 77.29660100313131 27.400059595863162 71.21809543425553 -300.11163074896365 86.64467458193805 0.9872644063185096 1.2374689794625349 59.14363273275722 76.6782878077268 F 
13a02Fa 75.88438493791132 13.139864150624021 68.03370087691553 34.84762079127364 85.77480198305797 0.027343749999999924 1.1839829319495674 55.54932923970864 76.67714318738764 F 
13a04Fc 77.80068730256174 12.241401661911041 69.26820944675342 30.2958095577481 88.13099497411194 1.7240232892037135 0.42834500602294784 59.743190532724256 75.56783770726153 F 
13a07Fd 75.80976903386826 12.59275533979116 71.19835022437294 32.00911972603953 86.96686498964064 0.05535766891427657 1.6366576774540005 57.85405848249596 75.742465134301 F 
13b01Fc 78.80546738937757 12.009508609164891 73.7992929186459 35.23396544095203 90.41818588280061 2.5501727005378316 1.294158571900983 65.98001398488302 79.56949374657364 F 
13b02Fb 75.44875881540831 13.378118887763817 69.46920797761035 34.89856490751235 85.93872618261284 0.08268720676573996 2.1237770419292548 55.527420795257214 76.87326424469194 F 
13b03Fd 74.2205323979867 12.450383386503594 70.34307478038266 30.75946204315406 84.22734921381156 3.219725911723196 2.7107692244523087 59.44678294411428 74.75892444030912 F 
13b09Fb 75.26601598335257 10.355737934775247 71.50332320713406 36.251209302813166 86.23287737926147 2.8469062500000004 0.6535217457126431 63.680074221630385 76.4983884451938 F 
13b09Fc 78.02373938129728 10.84885029441745 75.96029003525106 37.29269669473545 85.73858868909652 2.934458333333333 1.846443168342564 65.78782753409224 79.92981209558738 F 
13b10Fa 76.0279501231645 10.453148505901781 73.5995449239631 35.2212780950724 85.6939069349418 0.08007267822683778 0.7196134167488293 66.41295406710415 76.4343710335408 F 
14a02Fd 77.48093968172343 15.660612432717745 72.83659200834569 31.980075805216494 84.3763187339614 1.1584815892125433 0.5628974209345904 60.12626418717331 79.62094808148777 F 
14a05Fa 74.70464379431654 14.343216338708293 69.26516516915166 25.170925446736494 86.14644312766691 0.0753498534752535 0.4061134191101471 57.26758536952715 74.50523950019758 F 
14a05Fb 73.41698498833212 15.288095414034531 67.15717542371266 19.633382307121114 84.56453521338075 3.0872926509484317 0.4103584255186172 55.561796144310094 72.66476464808883 F 
14a07Fd 73.70429851407721 16.316470353734054 67.43358358019202 19.909205532326474 84.52253238634205 2.033778522639983 1.285072496041807 56.129259001770095 73.37008133125649 F 
14b01Fa 72.33975230385914 12.4345215057885 66.56905496121519 24.66945861169719 83.69796546812655 0.053864562650397574 0.2589929013559983 58.41541233550645 72.3443616272037 F 
14b01Fc 73.3862730622713 14.156516191703757 66.36125486584115 21.87744050062583 85.21316614075535 2.486406869890199 0.23492431652179604 55.5559548962572 72.5153688636841 F 
14b02Fb 73.62763931709185 13.114030593041813 68.66088925918226 27.186017421418562 84.54302653669983 1.8516614843009176 2.273512727917434 59.19849218841585 74.36835294970274 F 
14b09Fc 71.70853869331586 12.816032329531808 63.77850350323894 23.167696042607 84.95251446566175 0.052643680951280344 1.587750336168441 55.88376441463282 69.81885533508336 F 
15a01Fb 73.0889464262164 14.694021329091271 66.73407621807905 24.179835088809384 82.10560624579146 1.5520416627025988 0.2460018221728591 57.60192300895826 74.05029712819066 F 
15a04Fd 75.69172682610005 12.673327460866647 70.7416612623197 30.583129894492906 84.2267609429825 1.7296722257615313 1.2316908016454096 64.83015067362675 77.39678579750215 F 
15a05Fb 74.64223014413258 12.355044911581468 70.05438503231524 29.325257848917232 84.53115665250317 2.6200289177691767 0.2759305103957764 60.911346474019325 75.03026796066 F 
15a07Fa 76.13894969173072 13.82029274194338 70.82432135925359 23.23965248624065 84.77272203963334 1.9354270833333334 0.974699852716934 60.78153745221037 76.19430939781212 F 
15a07Fb 72.38024738274684 11.51571729599018 68.43787002383026 24.183514242061616 84.51110424438427 0.03976207363628188 1.2594665021663776 62.66464353660798 72.56204396500415 F 
15b09Fa 71.99593705265993 12.584326409326131 65.89145159254869 28.793863990397888 83.58023903302356 0.7282618324215135 1.0500559141939882 57.30496195461588 71.78655515649238 F 
16a01Fc 74.43625943867544 11.077763624922824 69.49289422741253 38.25787292440044 84.49806400775998 0.37048448279406015 0.8388872779801309 62.30171456521602 75.92497191621581 F 
16a04Fa 75.7130022514259 13.515705391760127 65.90457635671586 26.464145983971715 85.2324566424173 1.980036815470924 0.5506271787224816 55.33018480172216 75.29519100592583 F 
16a05Fc 72.99022896192379 12.766585291587933 68.03232406512987 17.796551759887443 86.91511683228111 3.5705380073150224 2.7961671132603945 57.971175163833834 73.23927192294293 F 
16a07Fa 74.72460996343575 11.684489956667678 67.3482592721723 29.63480801947204 84.92665213552914 0.7336903661455705 0.8389367473179833 58.126564772641025 75.18792567989223 F 
16a07Fb 71.50996054804145 11.708664420988677 63.26818117648663 25.310977127323945 82.74938582625994 0.026739583333333185 1.6100981558311755 53.65364729088296 69.65528418430034 F 
16b01Fa 67.88430119320047 12.609855236533843 62.87549047433717 21.386339283839487 82.15504793093345 2.58762786612665 1.3597704255743552 52.65556072633257 67.39826372360656 F 
16b02Fd 73.30781736712785 10.965357944822793 66.75232375580877 27.700927483988732 82.65137556230405 3.5067812500000004 2.8948809273755125 60.67112864688225 73.70424932273394 F 
16b03Fa 71.74131749403705 14.246213780436465 63.60395289152662 14.768511683941082 85.17056382116974 3.824301793017681 2.590126906153909 55.23065292086905 70.04809551787828 F 
16b03Fd 73.3314447088716 14.081105447823838 65.8870455232236 16.58555182855931 84.46653154309682 3.5726261407766997 2.4980145631091992 57.97298824919773 71.15352999516524 F 
16b09Fb 71.50267339060282 14.34231053772421 60.96978875326947 19.158709121212258 85.06506134573695 0.08094407714656625 2.3186525911184988 50.700384488069204 68.81624088167517 F 
16b10Fb 72.36122998438903 12.54423080428831 67.30643407963962 30.737164630085108 84.17984262440429 2.555083333333333 1.7305019617897697 56.313499520435435 72.71829838485398 F 
03a04Lc 75.76016236178934 11.868226797842041 69.5565801263686 33.78212038371932 86.46110060600098 0.7983823512208826 0.20710366827936913 60.30421062571601 75.44579529975623 L 
03a07La 77.66133245384712 9.148526762357198 74.86127760583454 40.01604879764894 84.97572299862813 0.6806399640261825 0.7897586063938513 68.93055315238232 78.62179807359607 L 
03b01Lb 75.53094055322188 11.478915578565513 68.8935607274244 36.9680217910387 85.88906685144356 0.9468830382228139 0.5065193588379009 60.91878153883693 76.73573503953003 L 
03b02La 74.2782399178981 10.207026847415209 68.65550281495845 39.854235870814364 83.57398039265748 1.3472092647323355 0.34494123568991214 60.69883284297961 75.22159213629497 L 
03b09La 75.94174437296789 11.548771625043477 70.4033701695199 33.45459175293914 86.21894303269714 1.0242756813287734 0.4261598506486648 62.387403704561926 77.19617962117557 L 
08a01Lc 76.41466139162354 13.262040672570677 69.17489503598362 32.14682583799705 86.87112358207862 0.03269344255326166 0.38545750365730863 58.407117557585636 75.64904854107459 L 
08a02La 78.63467715718967 10.828958608131577 75.19742921995369 41.99180888828286 86.18357962592286 0.0550389417173454 0.6273124646431584 67.29235460505642 80.44604995437459 L 
08a04La 79.93324775106352 9.83167861847661 77.03023169658827 34.944254331409404 87.13072162889489 0.054329401740677366 0.26512820547432897 72.05726329720028 81.27764912282103 L 
08a05Lc 75.88009515197385 11.120005069059605 72.70103262624094 37.20016458755863 85.88488256451099 3.525037716161379 0.8765324413884975 64.01640533986405 76.22840706920607 L 
08a07La 81.64300332582076 10.574702537561883 76.11688052744964 42.989796075969906 90.06998910987555 2.4880126153834925 0.24409396760090768 71.29409201059016 81.1725897219211 L 
08b01Lb 79.04058543737123 8.946218114766829 75.92679097042543 43.858552510937855 85.8979723490659 1.072068990971501 1.7107782970869383 71.99774207473678 80.90367713173958 L 
08b02La 74.2704607504466 10.038145594060316 71.22831809124588 37.50348302258121 84.66348639136243 0.09601683337234271 0.26618006986096254 62.253593602091755 74.21977254868794 L 
08b03Lc 79.44502858981075 10.257603886110138 76.58015177430433 36.755221919735334 87.44392117597762 3.751039557732405 0.31044455676806754 69.09093615682791 79.75372553969224 L 
08b09Lc 78.9050131637945 10.52845075185257 75.28526537106328 40.940845322041284 88.3881465541403 3.8255048757050205 0.39321858422118383 69.38434111824557 79.95461635734725 L 
08b10La 78.09270817928582 8.597334739547106 77.03578244693186 41.4595241108173 87.85456455149227 1.8331006864649573 0.3021534352854036 71.03461948429387 79.0356752252598 L 
09a02La 77.11825464817298 11.037433251188295 74.79521753970363 40.62939410193674 86.46081327298444 1.0463836894548202 0.2796622725626316 62.63327578092188 78.71605707716608 L 
09a04La 77.22961739264943 9.371237846963211 75.13703087469281 45.44904842055709 84.30801184796165 1.4804956190824012 0.1873000784705654 69.5011960227954 78.99871082628273 L 
09a05Lc 74.8330782833814 9.259359920021943 71.21347996400958 41.67784280143119 84.45499116840526 0.8597529410091874 0.4103786115538351 63.07611036774074 76.61299680696135 L 
09b03Lb 76.44242691400903 8.368204164892274 74.5387017274991 45.66602047595348 87.23551415979952 3.3534585665579786 0.42295239336477874 68.522943312539 77.57366202814708 L 
10a02Lb 79.12611985506328 12.165377707685316 75.96232921132724 41.20776596770262 87.01382951894185 0.07751024205514648 0.46394517382221534 66.90553233945413 80.93826293653298 L 
10a05Ld 76.55910279863674 9.679268172049614 72.37090326828908 38.47923562061922 86.14224570855659 1.0195113212541054 0.6941882092810556 66.74854782275344 77.10653853781761 L 
10a07La 78.2553351563183 10.196982625450886 74.95357912166752 40.8478344805461 84.49799859543197 0.0990750479431842 1.0451566993733745 69.84880260166051 80.55157073713157 L 
10b01Lb 76.96487404654873 9.422719356079819 74.34117834206519 40.199009866239926 85.72573873481106 1.9956942091322671 0.31279171966057867 67.5408043643506 78.46167733002372 L 
10b02La 79.48139208894023 10.487034334626355 77.22338391428363 41.30295270463497 85.69927363112272 2.6483260223858793 1.2853102963721303 70.30543905255264 81.61437344919526 L 
10b03La 77.88014034571552 10.562136985623715 75.9476905176747 31.441952346928307 87.31339067651432 0.04514262899929457 0.4871512573226828 70.0087784553738 79.78501321227122 L 
10b09Lb 79.15066938366144 11.733620569362413 76.70554419470277 37.537649380326314 87.167655543902 0.06560225205724945 0.8939886000071477 67.81519907981223 80.35892611545093 L 
10b10Lc 78.31721632128021 10.488460460061827 75.18241309007212 39.948596380064835 86.56593785146671 0.03743673044269223 0.32474995862672423 70.40879889173519 79.95953694684034 L 
11a01Ld 78.89749867541225 13.482934429127386 71.44084945712089 39.51988279865612 86.59032678075417 2.0422798693125253 0.5054539291646108 56.817704350354205 80.02987665787128 L 
11a02Ld 79.22303401559864 12.108642687539842 76.95440644873212 42.49109648261068 86.95746913200558 1.1838452971423181 0.5791673131624194 65.79778357372852 81.7193372758319 L 
11a05Lc 77.01899730081304 12.54268469420249 73.7531955934457 36.67307283990733 85.49925940448828 0.9364050523307871 1.425794995762028 59.786390568121355 79.35443050919135 L 
11a07Ld 77.04229236583339 9.592231928148395 74.12798605888062 37.83242213575615 86.01929696874029 1.7283994447670619 0.5966789752430673 68.98618869077748 78.7882286447789 L 
11b01Lb 79.16874084430914 11.753737076778132 75.78988947999119 36.84157015647578 87.37376200430003 1.0039563696236855 0.7031338958948141 68.63893877001473 80.17969021682757 L 
11b03Lc 74.26379306982399 10.179354747328869 71.60736234695477 39.019878930422585 83.51645882730465 0.029770833333333004 0.4438074112505719 60.46272641131276 76.14455586671063 L 
11b09Ld 77.0803311937191 11.501495444326522 73.5181683694574 37.06787142145723 86.09121740717683 1.2073663956026925 0.9748751320314915 65.78506068393744 79.27991226983603 L 
11b10Ld 77.92350275824737 12.213664703985657 75.03034665776946 39.1918286774699 85.14386789519297 0.045287010165817196 0.4313026788415337 56.44742871005397 80.39141421593241 L 
12a01Lb 77.53148207196071 94.78959937175453 71.69069545157056 -337.60407913379026 85.89183186835653 1.739947916666667 0.30362964235857326 60.165630169999105 78.85643396866955 L 
12a05Lb 74.67825520776367 11.511323016380553 70.80381444503091 37.10048087715837 85.15752926496782 1.8830218938861147 0.3522145162105866 60.67759964822449 75.58511339354368 L 
12a07La 79.16047721031298 10.56025426169816 77.01107433452434 42.84037753771549 85.32498953429395 0.08794011535538887 1.8785884165820619 70.2725850576605 81.8206388231846 L 
12b03La 77.0968619868415 9.671133619555699 73.77420746771472 35.4982853106446 85.58657594675536 3.3168268587599496 0.3605003171956975 67.18263356501447 78.93915484614561 L 
12b10Ld 76.08498381368851 11.870641171226108 74.20734654254545 38.510218507160516 84.35666466913459 1.5613272186679592 0.7985847756270774 66.52285408710277 77.94099286339497 L 
13a01Lb 79.1816814236988 10.36654888072784 76.57595898488131 45.635712675954416 86.16553017615766 0.409387307837759 0.4843588627380851 65.40275846012173 80.29933940570908 L 
13a02Lc 79.59226555665435 11.244274174011947 77.5342143371192 42.5263658159335 87.17064612381836 1.7216675599866529 0.4457688347281463 68.30398797356787 81.34812602884655 L 
13a04Lb 76.59256718445418 9.729355606954329 73.10059530126014 38.03784940511329 83.6222246499621 0.030598203733398423 0.20870947757541292 68.46358969257209 78.42109577212617 L 
13a05Lc 77.29569290250934 10.347752539235612 75.38185912074157 39.86677233282586 84.98075136562223 0.7750595551467536 0.3530489375843627 66.86121553755025 78.12886148737975 L 
13a07Lb 81.36633695559178 10.597821612258013 77.10066516678948 36.025525585253256 89.23193893230054 0.028760416666666767 0.3710868000425398 73.77655088053373 81.68310953420087 L 
13b01Ld 77.13010656155933 9.811059840498158 73.06143462900712 42.845431112202235 85.50096655660283 0.04782978588001538 0.4456414823604467 67.84442416797393 78.93948412254305 L 
13b02Lc 77.8750585584165 9.316242385501559 75.3005040103254 42.96275830214936 87.10471635238743 1.1889078001279023 0.41491116202091566 66.24842257050028 78.08336885520488 L 
13b03Lb 78.47113403341777 7.27059257737365 75.96402704727977 52.774898893199364 87.9162268702498 1.2520901679901506 0.2882431716787753 70.17603472449899 79.38143434799434 L 
13b09La 78.31950960449034 8.91246523598371 75.65019033373292 41.685304502269624 86.26618714350312 0.06040239519339232 0.24023952486416728 67.93179180906436 78.99253744028077 L 
13b10La 79.64521856062304 7.587931437689253 77.59067642012265 52.09484986770429 86.75683632193793 0.06912389977558178 0.5753348686650738 73.47614421206177 81.18885330975537 L 
14a02La 75.86598674443624 13.021250644628457 70.42521929792612 34.311774418836116 83.40130678750762 0.9616447588633631 0.4672122382035643 59.554255285071726 76.63120318628245 L 
14a04Lb 74.46288555926105 12.308066601212976 68.64161183266563 30.75009962831808 83.7734142502495 1.8732719351035614 0.34188022074198865 61.98724968861069 74.17288516727271 L 
14a05Lb 73.13550663262164 11.235544952437326 69.0414771165621 35.68813344607444 84.59231285731805 3.272636138411792 0.40487272213466674 58.38924943639275 72.80315257276621 L 
14a07Lc 79.42822975438881 12.805678538520581 72.84068604516547 39.13793750690405 87.1429574129832 2.9601809336190694 0.4355839731795864 59.10992189065701 81.13497051755664 L 
14a07Ld 79.92033827552756 11.242412450447402 76.88672048303222 36.653818020783575 86.46519804547012 0.02939583333333321 0.4693614070351053 67.74188323403462 82.04140255782383 L 
14b03Lb 74.74620550734824 11.654282474507935 70.1002298717585 31.39907378311417 85.01822618332079 2.9677853773948963 0.30556723817893694 60.24214141413782 75.30720214888169 L 
14b09Lb 76.28086524127067 11.567296104085518 72.13320739210036 33.70968477514188 85.9772325395792 2.2578954442755994 0.469629549237505 64.39572086497442 77.47404323101006 L 
14b10Lb 74.93657313915003 10.210194221221974 71.00208304568685 32.27974677328669 84.15818459685569 0.028749999999999977 0.3417123306474783 65.69910426645649 74.86311525253839 L 
15a01La 79.24171972453615 9.534182664119564 74.70127260597272 47.19378263491315 86.28290837976904 0.06989782138543739 0.27428689402987755 67.48757474131857 80.97691767869138 L 
15a02La 78.53644682785341 8.704895978796038 76.73332164092918 52.139800905634225 85.74414449156247 0.053181117378062005 0.3611735463382181 67.53638788254077 79.6972962522824 L 
15a05Lb 73.24044160956203 10.201320416990514 68.24496040568388 34.91662475161447 85.25681348923374 0.04035057325529412 0.4346589731467745 59.545414074995676 72.99736085908295 L 
15a07Ld 78.23783227656432 9.627499656452724 72.5538555976954 44.33178953760837 85.8432496510361 0.06966842552835698 0.6022328215551868 68.84783720284489 79.77879922415107 L 
15b01Lb 79.78705608428659 8.225301321340357 78.31782241368636 45.37859100607572 85.87430794559342 1.894949266151692 0.24609534865575208 73.47359116785768 81.27972792546228 L 
15b02Lb 78.77079887382672 9.470806822986171 73.49801587024484 44.61723888397873 86.38511344842983 0.02781249999999994 0.23326302246885453 67.00122446530578 80.62851236677028 L 
15b03Lc 77.10877554917819 9.73270999554542 73.5405293743095 44.368820491138926 85.68163917949413 3.087121753327829 0.4486543353625799 64.03551747399831 79.20062205095573 L 
15b09La 74.43206648493802 11.437562837963622 71.93409702218173 29.714373350506932 84.5755510061013 2.3011526918929337 0.34510406082777817 61.171467948981494 74.87179325741978 L 
15b10Lc 78.13887613977076 9.796949414435945 75.38615576637338 41.18537640421149 85.02151662825744 0.08854449109617235 0.3464984115825133 71.53142428604191 79.97408721974327 L 
16a01Lb 73.94908500879085 12.09934684685977 65.47179973205198 35.17958362839343 85.37982400230807 0.044550386174841895 0.29027837753037566 57.728465673205854 74.64442817826698 L 
16a02Lb 76.34714843919618 12.454726387682417 70.8041538292459 33.06558042191538 86.48467069999928 0.08037363310909285 0.6333737793821885 63.14467260129714 78.25215485445948 L 
16a04La 75.94352399912425 11.513797758155471 69.76556441776528 34.888356353124564 85.66193254382506 0.07847724870200465 0.6132959558458292 64.89894558558254 76.14594632913051 L 
16a04Lc 75.34775141666667 10.060613327630831 69.62775670490689 40.22612882737495 86.77049854332071 2.5546828136991917 0.16928623349682662 66.9406376139408 74.5306736635369 L 
16a05La 72.87454735392107 13.198967412338105 67.19906981151635 29.479929114737992 85.08124239647124 3.5573736920263235 0.33026508222764045 57.3540866614959 72.3303640034996 L 
16a07La 82.20295748806508 11.845966918528033 81.27111545568317 42.03954794607283 88.63119063828309 1.515893683500699 0.19305859486615615 73.64203375025345 84.22234155059394 L 
16a07Lb 76.12397543709261 11.121332571879552 69.455782694345 33.161239956983984 84.89921375522391 1.5610177023008616 0.3431235237109231 65.64701797823938 75.5770854837055 L 
16b01La 78.11968328929625 12.998466524254704 74.61664076605831 36.102954227789546 86.33820664220289 2.915302083333333 0.316208419598341 67.64243557755486 78.64922151194007 L 
16b01Lc 77.96639953141796 10.466140979264523 76.76541671842483 39.65597468588164 85.86604664778014 2.0144978161484963 0.28681683988426604 68.61098001041563 79.69131214351127 L 
16b02Lb 77.11479986013282 11.097800917560907 72.88605115533738 34.65627940707558 84.70391398482599 0.0810735156496828 1.7750356284477236 65.84225246371847 78.43637698324687 L 
16b03La 77.73087250349212 11.489873815347456 75.02376375951823 35.500617933685334 87.3850134152403 3.836067242190059 1.829569506487643 68.13790686233129 79.36633142536341 L 
16b09La 78.72855412371636 11.091491333958293 75.82638012413172 35.8679559302235 86.31818719146268 0.0693382632202087 0.3700920921403929 68.41432022931286 80.84186907248748 L 
16b09Lb 76.3071466000108 12.23080593825095 67.64305168573219 31.379553769841397 86.5421741002718 0.07447185521903726 0.5296908079611456 63.12034974427569 75.12686991111732 L 
16b10Lb 76.19949309978442 11.09422017143405 69.5813607087213 36.73219743422383 86.04231356043555 3.4043504262356636 0.35187358588492723 64.36883633816163 76.35913915526018 L 
03a01Nc 76.07896060912913 14.115177863521776 69.49362831891665 34.913631635625784 85.63325952152763 1.3802616540265626 0.24342460583795303 53.102561165219804 78.32489874038994 N 
03a02Nc 77.9724380426251 13.022278701262527 71.13194207702648 38.077872811276265 86.15815051038007 1.397565234176362 0.43213398437421 59.892076136983924 79.61712268064528 N 
03a04Nc 76.5943400875172 12.615688243087838 71.101733243648 33.531166625806634 86.43997168634303 1.4993990371384387 0.12941644408947175 62.47968035549607 77.56242003597411 N 
03a05Nd 76.52106233421138 12.889509231284894 69.78604700844389 35.38173989466143 85.07422701065987 0.9152414190044393 0.3439137454872588 59.633878660774904 78.5818298279864 N 
03a07Nc 78.79861963333819 10.974464474675237 75.35946871558025 35.036617683837484 85.2986329289796 0.05487448569652828 1.2782609651557204 67.59874399635336 81.26029105866229 N 
03b01Nb 75.83431189230659 11.501968750310647 72.40937318311171 34.593730629248256 84.87812786006609 0.7291227825085772 0.46360288248625103 62.09818580043546 77.36596351436067 N 
03b02Na 75.63316296441305 10.82977731175679 70.14147126310135 37.32977561085995 85.28782243604492 1.0346080296661153 0.6548630960226967 61.43478242349854 77.00015971901215 N 
03b03Nb 75.5519692391386 11.356153456898051 70.28842010391836 34.410033980161344 86.0811112801452 3.09794162873359 0.3808375171850817 61.43988501917731 76.93467812073084 N 
03b09Nc 75.73559939288437 12.898085829770034 70.97682902975046 28.39115488239045 86.47993368044827 0.8792085170357876 0.39586196430410564 62.03529931182068 77.0570201536838 N 
03b10Na 77.8449525235495 10.596958685978755 73.55540781327629 34.366047683920684 86.6632957905403 2.22821875 0.665875569582511 66.15763951560602 77.814395848075 N 
03b10Nc 76.15389003728049 10.678648764061105 72.21340799634314 37.481995139303045 85.84324309711062 2.1467316643921777 0.26038557335427204 65.10543821618137 77.99595452642808 N 
08a01Na 76.6137007852336 11.421833020072935 70.42582584401516 37.473828140141606 85.73437180955463 1.7208399295125762 0.24892625825439513 57.85843818071979 75.48029531919056 N 
08a02Na 80.09913623189392 12.631585457871134 74.29690871484608 45.548156164553546 87.86237459976066 1.7248341258882707 0.5960131013711688 58.92113077032286 81.93779759311712 N 
08a04Nc 77.68044951340813 10.976969308059319 73.11472239184276 40.50133588941831 86.64169028474926 1.9473148730733971 0.2006503581290533 65.38655595887977 78.93421563453934 N 
08a05Nb 75.31227535161088 10.229274868521683 71.9665918677332 41.128576326059836 85.45937042711499 0.796830544970442 0.34729378051624293 62.43671093472639 76.21964370900076 N 
08a07Na 80.3958667380902 10.423741338207455 76.21282745680583 46.233576996273456 88.53634325685098 0.028635416666666615 0.41373768896463115 69.34841804729919 82.41985071349217 N 
08b01Na 81.42924383744663 10.198053496931424 78.10620935254846 46.351460056296794 88.77855623984262 1.887970779874637 1.0532396048500359 71.12859825762547 83.1107146294565 N 
08b02Nb 75.70238518317483 11.790808157826184 71.67805182956498 35.13674986042976 85.81305644176355 0.042896600663319635 0.36149708565493466 61.51270007937338 77.1641082515217 N 
08b03Nb 78.14981142614684 11.190708623443614 74.07327785456931 40.71401256321238 87.38108994868803 0.027510416666666572 0.42091222299710307 65.38877577854105 79.29289895458284 N 
08b09Nb 76.54611341931583 11.755841018923658 72.01140423064982 33.422830274266865 87.67197354110986 0.8605577368094266 0.30427437582475003 64.60549152937247 77.6927020419398 N 
08b10Nc 75.69021094253895 9.9670155209876 72.91819219415723 36.62888045787459 86.18704228911838 2.2824006149921967 0.3291002597352993 66.2363627961582 76.97880983021747 N 
09a01Nb 75.11092695514334 12.732631212730839 72.85572839297791 35.01880109672289 82.38743845293007 0.04068393730762175 0.359067218104433 58.061592612278154 77.44313031472365 N 
09a04Nb 76.42515503957216 9.44206843633744 74.28944025145873 47.36647597184419 84.61574199602384 0.08151591277470258 0.18998672010500722 66.26144753537469 78.19965188022226 N 
09a05Nb 73.78245281389295 10.374625236814161 71.62953078246271 37.08881635797911 84.781176252796 0.07009522816877972 0.3146995366495762 61.33961633668372 75.51601796210466 N 
09a07Na 80.71786962824461 11.612155877644145 78.13397620301507 41.748187659014896 87.91776631625365 1.3681743187369384 0.41399485539798936 71.88977444690735 82.41817694945263 N 
09b01Na 77.54107195192643 10.479817482530578 74.73087503651949 39.566025237482506 85.16835514344723 2.436114583333333 0.542028371883744 66.5483539424639 79.01033346856204 N 
09b02Na 78.77969255398371 10.463391152771575 76.44927453379833 40.531095663160784 86.2874221059347 0.0851940064891416 0.45720865827591745 68.21640692767481 80.72128430120293 N 
09b03Nb 77.90589499660594 9.254920321103569 75.5933897501459 42.72451834373641 86.760323451311 3.6412351018841917 0.19281824568320968 67.88164001582608 79.04899552807608 N 
09b09Nd 76.25164842454765 10.215248321323864 72.76271967075061 39.0940230407496 87.13268494336155 0.08413769112755273 0.3086757295864638 66.18725437952035 76.96097670033427 N 
09b10Nd 76.79447266324478 9.522316991365061 75.03481821544722 37.88626359206602 86.41551443290506 2.1999385081955496 0.19911346741238817 68.28284345935229 78.4097220254977 N 
10a01Nb 76.71195067058035 11.393263838905122 70.8969022675615 41.87225147634738 84.0434580230942 0.38474436803833284 0.28354758308866007 58.08001798904533 78.86323118709156 N 
10a02Na 77.06119270215439 100.36078375141686 71.12021247644512 -336.5084341446465 86.87447807024391 1.5126458333333335 0.47496371428861267 57.287427996880666 78.55216439852524 N 
10a04Nb 74.91735800029865 10.222805309953735 70.147140995289 39.673654192817025 83.50629834407144 0.061421919110504514 0.21161394241682507 60.048728132731 76.29613454549035 N 
10b02Na 79.18305545446067 8.664710615062546 77.285712366658 48.54741841609696 85.36629502675585 1.7870376276058515 0.5875652179030308 69.33386240335585 81.43646371221254 N 
11a01Nd 72.97755598461208 11.402893239337232 67.54751358906472 36.490365962709625 83.01026303785898 1.591067973794419 0.2703977608796382 56.94728438772068 74.06385324365112 N 
11a02Nc 71.74522867624938 12.536433115481806 67.82818452595251 32.767665873803274 82.13882672065537 1.471528079285667 0.981312926646366 57.13211949794855 74.02489728710637 N 
11a04Nd 75.14851218869536 10.406173167039515 73.02744963602248 37.0573107179464 81.45950134893202 1.6204972427677349 0.31187882959775004 66.82526668651192 77.1369248226735 N 
11a05Na 77.18913860483863 9.503569355064371 73.26257233041116 49.00767697937755 86.3747924505537 3.279409392198116 1.1636047154852796 62.66647829079761 79.1038389311251 N 
11b01Nc 78.45471577677158 9.24455390549601 75.64613588893474 41.86730841590898 85.28278819948893 0.049798028905088665 1.2508881940129246 68.84633649459774 80.23478345602088 N 
11b02Na 72.84280346095046 10.535027944256846 69.63012519219515 34.403888412143715 82.41207789808972 2.6274852161268982 0.30674129560325586 61.33986483789873 74.67415723377515 N 
11b03Nb 73.319322475385 11.317014123803872 70.28331354903547 29.68710209459048 84.18958941200884 3.555011550832152 0.414436731203364 62.191405539111955 74.98035295590478 N 
11b09Na 78.08934640811509 10.236348137186363 74.89538107183225 37.581650309387136 85.71893390402535 0.8434420273824472 0.31307807365696916 66.63342637138702 80.36770109255357 N 
11b10Nc 76.94558818087185 10.326149110148368 74.43356800228486 38.04924576958238 83.99972225494912 0.05483374022720179 0.26107472046312946 66.70665743403895 78.35035743218207 N 
12a01Nb 73.87233509296192 11.414103519353258 69.26520699910058 34.35993963297292 83.74034362799058 0.35161027437469444 0.25786966663091854 57.640134978016945 75.53159969721925 N 
12a02Nb 77.63115805326024 14.838330960730685 73.6620942478453 23.63400624642817 84.56977366574188 0.046692377961957354 0.1470344442332099 64.04335923984038 79.2367407731239 N 
12a05Nd 73.85422848008523 11.317351674994388 70.23829595136704 33.12093908352627 84.93181171464418 1.6250038848891628 0.35481001799311673 62.654615800688454 74.80101999850932 N 
12b02Na 74.20730764198763 11.013499154886917 71.7966529541697 28.0861860457477 83.74244529736234 0.5751353261907626 0.3101790848620021 65.05226463546558 75.561856906321 N 
13a01Nb 79.59933910853172 12.305019555195576 76.66946115560683 42.866595154979166 86.25755432514319 1.4878125000000002 0.4163626684700404 63.304173936371896 81.91856564609716 N 
13a02Nc 78.45473744351301 11.086168671725662 74.99052863108514 45.94258523869594 85.9743293978853 1.511342194527727 0.49380564588562387 62.53105616713483 80.23392759624976 N 
13a05Nb 73.69102204935763 11.36628877674842 71.2317254730804 28.901403301654987 87.07708477929447 3.0398467463617327 0.22070734908489567 58.7016293437374 75.236371662561 N 
13a07Na 79.50611196649197 9.108693609056052 75.99432261313531 44.96589981878048 85.59919724813973 1.454370725528203 0.43806376404438496 69.8881753621995 81.23348610823079 N 
13b01Nc 79.92574221743216 9.162068830398583 76.75068040641713 41.67291237145664 87.54840930035384 0.9784537430042107 0.3107990348545761 70.92999150559396 80.93118156084375 N 
13b02Nb 79.31193283879546 9.235649017347813 76.98786684278335 46.5378458374059 86.67882636455161 2.6992496879686487 0.33566208726385033 69.01447092380627 81.40366549547653 N 
13b03Na 80.59192983197883 9.833748467929817 78.18198065453011 42.692446656668636 87.17183068656227 3.3994434378044143 0.9560776030564101 70.01375677619225 81.94861023607581 N 
13b09Na 78.53078561733246 10.86395449025379 75.86423027550958 41.305092880043794 86.32819334044 2.6313544895973586 0.3617130240866826 67.01650162587454 80.45861209682043 N 
13b10Nc 78.84372396020038 10.027118952753101 76.35261323372137 39.877745850507154 85.3853725096963 2.2904682239980487 0.26072998170490946 69.89437383939566 80.9945592934554 N 
14a01Na 75.9038552793544 12.936600953883172 70.90843481961402 38.37253181431129 83.58649237384107 0.6054877826859204 0.25648060341953866 56.38633833632208 77.60921718691543 N 
14a02Nc 77.14305780753409 10.128858803138703 72.33694237865505 47.89203632114871 86.09024077843372 1.3865416361437692 0.4883294692105537 60.069811408313356 77.90984048610827 N 
14a05Na 76.74335877307533 10.386680096661815 74.01323852380486 40.75716310163706 85.09669082064565 0.769747657986696 0.3433547636744741 62.12650349033828 78.54621016564347 N 
14a07Na 78.44240076960573 14.414759370530982 74.95358318643146 22.511745601727934 85.52087427992784 2.0411864121383427 0.5845322953968438 64.08865724345934 80.36310648588042 N 
14b01Na 80.06507622210776 9.966346284898679 76.29145693279587 45.18890563213977 88.7077374375705 0.07367934362181597 0.39946914670805234 68.39806443910916 81.27123414406219 N 
14b02Na 77.12324731956771 9.366396499003114 73.82886960053158 46.862149789581046 85.24094007899629 0.06302981646299971 0.3515896362127696 63.517862576922255 78.45753276955836 N 
14b10Nb 78.24850172701477 9.29115025959397 76.13960696748926 41.685386523851776 87.51679052515759 1.9756527959934305 0.21452162348410114 69.78836768376671 79.04467356876786 N 
15a01Nb 75.63711962820535 12.616356287850053 71.36066101079992 35.53434973214534 81.91470481213898 0.04613361937856492 1.027076853872564 58.970890605431826 78.82835142648034 N 
15a02Na 72.15970333362702 11.875607178403142 67.66061310962318 37.398520640300255 83.22172815721147 1.1406236342899176 1.0033432705985308 53.91984211151871 73.96929273585326 N 
15a04Nc 73.57942880130194 10.001307857017169 70.34271529555635 40.65011032986099 82.06897214915867 0.029062500000000026 0.43486159211580155 64.79218439432503 75.19035302198093 N 
15a05Na 72.48006946271798 10.745121276105545 68.91348895692302 32.34096806651297 83.84836162310502 2.8926055860133344 0.3713638492162156 60.91370529359871 73.78388943256269 N 
15a07Nc 78.40617638819019 11.047004828919015 74.65294924002835 37.39834266322064 85.48697785782144 1.814696719600854 0.6207235053909976 69.22412257092128 80.35744401792402 N 
15b01Na 75.52754973743785 10.160699224637293 71.28915987989942 39.98271716896738 84.64665038573733 1.9268583805434965 0.5768566047840321 65.90434435818467 77.15469473534446 N 
15b02Nd 73.82950769305248 10.741762117341672 70.03891615281202 37.29139695804483 82.48648331148068 0.06906568945934974 0.40400354160170543 61.887086616129295 75.37295324275246 N 
15b03Nb 75.76440733566683 9.3370887784571 73.0483778116938 41.85705684855677 85.52614332574137 2.9875128980343852 0.4007278954772728 66.64579379288367 77.45714947812039 N 
15b09Nb 74.11114783654136 8.33116877859496 69.25671729208969 47.01632703713469 83.40766433244941 0.10364482755875445 0.9541366010487493 63.34850925834661 75.88872653559918 N 
15b10Nb 77.38984050456028 8.019513950709316 76.03711478107877 50.013198462121274 83.79544381275934 0.7290846164779343 0.8844033421532944 69.50541942387099 79.30035745079559 N 
15b10Nc 76.26536162299725 9.653683111273223 74.00088082296944 44.24977928833395 83.48837099721297 0.05504392154373865 0.7033033763390261 68.61325000253001 78.2588136074309 N 
16a01Nc 76.45780955349403 11.921329726565885 73.21238717108658 36.95053810755082 84.16336436253111 0.044794210008948204 0.16769970275347382 62.432739339776866 76.61243681993137 N 
16a02Nb 76.52330332623974 13.604914659523887 72.13173491769129 34.30130074994172 85.83628312261108 1.6277705182884117 0.4813664688364454 61.34016947279669 77.64210232470874 N 
16a04Nc 76.71593672681588 10.601683013104465 75.31515451217925 36.365220129338674 84.74250829479094 0.029635416666666616 0.42465335661951875 69.23024842319855 77.99805259445897 N 
16a07Nb 81.7362783348971 11.546163477636718 79.42512408406299 43.63849273818037 89.2258207426987 1.9511974091979989 0.38485010801765335 72.56041101170075 83.94486053230497 N 
16b03Nb 77.52890921495042 11.290728203359901 75.5542160186602 31.3454077808586 86.15885085601434 3.240588299037793 0.40164906854602805 68.5552635692955 78.55953387461196 N 
03a02Ta 76.01071523870517 12.596534989589271 70.23271013808815 38.69551965169496 84.2763907817486 1.2451685974709954 0.336877729640375 59.23876308866522 77.44234010955545 T 
03a04Ta 75.80694813747597 11.7508539849132 71.87199859585455 39.744527791940286 84.47680682872053 0.05983629733813012 0.2254308104845526 64.06647161452076 77.57229061741837 T 
03a05Tc 75.86067121582788 12.224607564831244 71.16992653129152 37.99076124401642 84.15646656774125 3.43979478063418 1.2490797963221845 59.59656923060605 78.05981851529722 T 
03b01Td 73.59347329071636 11.553770768364407 67.33746264529566 35.37079447991551 83.75243858722797 1.871148108999292 0.16396205345798273 54.1732500761969 74.98930052070162 T 
03b02Tb 74.07724405989728 13.939776626544614 64.89144873716634 35.00674613829575 84.91107784078437 2.4936189129434507 3.619895011804986 48.485165294714264 74.17971970369433 T 
03b03Tc 71.63626603353882 13.937881048871649 64.31917190536781 34.26964439294603 85.59978490200817 2.91096333015344 0.4424703562212263 45.56947639832932 73.15097817893118 T 
03b09Tc 77.35634000868012 12.444634038722748 70.12420467621284 40.626087884116835 87.37088193716849 0.026895833333333265 0.3448361822271319 54.70113773751166 77.73290610879653 T 
08a02Tb 79.78963540937274 10.951111860457937 71.55196647980942 44.1664584357724 88.17067715804345 1.2157142882276322 1.8705243147947699 62.49699377647734 80.44215583657666 T 
08a04Tb 77.74215407977371 11.428901529861628 65.8446240264852 41.40235337160035 87.44076995464967 1.122817853033093 2.763188112665545 58.57665580034889 80.26725930186399 T 
08a05Ta 78.49277646234361 9.477225299541267 73.00170656735176 41.84175752855712 86.3322532663653 5.425904441044073 1.405291423985486 63.847954512922904 80.32509891663989 T 
08a07Ta 79.21560667517343 9.723940724381894 73.61225575687396 47.8362513457165 89.04867819995967 2.1392326681271765 0.9004485233569215 64.14687245194953 80.55068839708628 T 
08a07Tb 78.9928121857034 10.776276711283272 69.59627773398476 48.64794979876879 89.18440449419508 0.06815483523237992 0.6005540222266207 60.59693098718949 81.09741413766784 T 
08b02Tc 76.58276628347815 9.937388224757461 64.80218688438481 45.56716428696347 86.28475585284735 6.078044602455139 6.94385236622631 59.73729453206488 76.99131923962224 T 
08b03Tc 76.24762070609819 9.824944371475784 65.70896445553002 42.69530908610558 86.48381797070061 8.29882411184057 0.8310547484015893 60.00320868234606 76.89258170854416 T 
08b09Tb 75.58029106446158 11.270593077286833 64.54501752946057 38.915073103112825 87.67710101499028 1.9489524192483967 0.4646372127632103 56.070753450023844 76.8126746335459 T 
08b10Tc 77.11182558685144 10.607378307290201 68.10273319844458 45.44265663159249 85.92183615261091 3.0001831416981224 0.339627184956967 59.43885054699468 78.75768856372754 T 
09a05Tb 76.21651150084527 6.8023914995312635 72.14727038119703 55.267851158943735 85.65090979093193 3.6927090592935836 0.45146539540274294 66.95667178702432 77.60499077157093 T 
09a07Ta 81.90713992145369 7.284130805236095 79.47019437828618 60.88528082706441 88.95321108088874 1.1059190336322176 0.42584560768761126 71.90460536902751 83.92101216878439 T 
09b02Tb 81.4877951646157 7.6202500614502195 80.6466767097854 54.846979673740286 86.97904835502598 3.5191969650772856 1.9060459259229057 73.89187935116914 83.18961735343991 T 
09b03Ta 81.38624019598959 9.21545337400996 78.47565272338966 50.85666520673786 87.04573659341213 3.9370081346714847 0.37425885594809216 70.08278030323132 83.84685622397373 T 
10a05Tb 79.38810552826493 9.930526804694894 77.89591652253677 41.24135825188591 85.09993152796875 3.2822328016993687 2.322708996720772 70.93305193679487 81.35293556805897 T 
10a07Ta 78.26161595084523 9.765556035193876 75.60360361258958 42.413555195274924 84.18582910895249 1.8199026706111396 0.41596246653121316 69.89522744696808 80.91304610780533 T 
10b03Tb 77.94259502597106 9.66838261964943 75.73265052295429 42.93909648806261 85.26452989471629 0.0497878163140759 0.4591879135936872 69.52817651865686 80.16296762362305 T 
11a02Tc 75.88934367428007 10.186103084407566 74.59999221513749 43.77658536592919 83.15609536314028 0.06780076826982426 0.5050918790155758 64.5540803324092 77.82205686310624 T 
11a05Td 72.56125979210724 13.658924995586592 61.80538943481451 35.07336935868526 84.5785479932556 5.373823487292799 0.6671862390789755 47.338181678177634 74.18159921176081 T 
11a07Ta 78.3778707072871 9.698785985174329 76.80596671815744 43.41776941739576 85.17683895725526 1.6791843707212528 0.8048975948184053 67.9703017808191 80.52291416400004 T 
11b02Td 75.16970685702326 11.94459762569381 72.51014687023277 32.14922891235269 82.15275464075383 2.100047804182856 0.9528488469766412 59.77587768116167 77.10100184907132 T 
11b03Td 73.91919669599461 12.827704545747554 64.91452634415741 35.976604718028085 84.6643260372155 4.182745644005227 2.47625308407795 51.3136107535684 76.32021677145387 T 
11b09Td 75.84067271482118 13.786744175189936 64.81733425549709 38.000262819812725 84.71941119801357 2.598828171593633 3.488222559444945 50.54932919750095 78.03482608225266 T 
11b10Td 77.56990151048977 10.975365251203149 73.58352687129931 45.136522335755075 84.02732568154879 2.2348845811157467 1.1687434440857711 59.16999695468924 80.37171964812181 T 
12a05Ta 75.13682978387146 12.318914298342941 69.02654172742474 35.28819065204662 84.50570187883476 2.4513441134916993 0.48062786011825986 54.30097472185563 77.264453983716 T 
12b01Ta 75.98305315255385 9.674290128033567 71.1336244428092 45.11653791004829 83.80193429486019 2.2390710870637385 0.44479994234218007 61.27372158709065 77.99766227120872 T 
12b03Ta 73.84727586704157 9.472788264966196 69.57123327904915 43.03385701986304 83.46207516508889 3.4960406990085513 4.867214824225973 59.40989328779753 76.21390339665672 T 
12b09Td 75.50042359854648 11.131516406443813 70.15031624965351 37.09274163772381 84.2061114080309 2.288041349094633 3.2354083615341986 57.631289734414295 77.65261481752069 T 
13a02Ta 77.23792411842949 6.180350795642059 74.7366563617842 54.831077118275836 86.51291982520344 1.4622513167834525 0.28433334473594735 69.7892172415219 78.7356423862609 T 
13a04Ta 77.30015539134949 7.725148639122566 74.87695410914603 47.276346785873315 84.82572637723042 0.07920284537903129 0.6083087893118564 68.3040571634937 79.02430093506956 T 
13a05Tc 75.81491286705415 5.645484988926948 73.74884523691213 54.49161012936202 85.32398083527805 1.0983758957791145 0.33641350499155537 69.59835956593327 77.48098864714564 T 
13a07Tc 80.00202547881156 6.921357627755063 75.75740965928347 53.78943208216817 88.78076387885842 1.3664874981902473 0.5232435233101552 70.11075341254744 79.75550916283777 T 
13b03Td 78.65373215164895 8.282920269540329 72.55422602092433 46.93996404756478 88.22469024291891 4.5120934254508995 0.6835943322628848 66.21387730801067 80.1293285490829 T 
14a02Tb 77.05641173661034 8.70599352386736 73.30655630853975 48.04442892067017 84.17299531664212 2.077473313257066 0.8724175158811254 66.44033072389982 77.70911408373243 T 
14a04Tb 74.71406080879521 8.476549991750504 71.55265176015948 41.8816153101975 83.28988965757397 0.04551373047495853 0.46658494967752556 65.81923071618223 75.63935874817383 T 
14a04Tc 71.2258057125391 8.242418505497124 65.80825304070181 44.151381530673106 80.05514755441261 1.1856103929956998 0.4622900721824763 59.03759287549967 72.25446466120866 T 
14a05Ta 74.97759126667626 8.983701561024395 72.4589829024295 47.07022351885477 83.61339762663344 3.6450791064682915 0.44280050653233133 64.10087704643898 76.56462097925754 T 
14a05Tc 74.25017324751322 10.610271703864735 68.33149195217254 41.864099714798414 84.42603389495405 2.979602292224615 0.3714624125663688 57.46014642624155 75.36659807437523 T 
14a07Tc 77.07218011916643 10.86418573174185 70.01539454446666 44.07397394806681 87.05866288102378 1.4901764122697958 0.3968927802791737 57.860461994267496 75.88579139674906 T 
14b02Tc 75.30951728362307 10.94436405179959 66.24759897531871 42.766410627226854 85.78543526978352 2.3562366324252535 1.3541558617565534 56.224440394720105 76.0063916490333 T 
14b03Ta 75.08267181644122 9.894467061879643 71.5204552191168 37.429792287440705 84.67678060312316 5.222170774394508 0.5839243557071029 59.072654301611095 77.21565649327212 T 
14b09Td 75.08206466166429 8.117959464707363 70.6568867965846 45.02425107833411 85.02248525334727 2.6177041653751374 0.7969011299716283 64.37414435905413 76.8724664193779 T 
14b10Tc 76.28378131284803 10.083600623436638 70.69377301344399 38.535922688301234 86.57734852582625 1.7089232643383565 0.262840280592361 60.62193452961094 77.29972844234601 T 
15a02Ta 78.92550775629283 11.006532144758927 75.87400172396612 43.49365205349989 86.6456103531251 1.199402661709315 0.6029059427504865 61.98723268309084 81.31595242243186 T 
15b02Tc 79.95505849457749 10.654469248098573 77.61142758166059 43.86122238338733 86.49711103545476 2.216167270086293 3.074886671175764 66.50990462500778 82.50297114252683 T 
15b03Tc 77.87744248577953 10.468091004324329 73.78524773274381 43.02843667912076 88.21606625827307 1.9058318731893158 0.04057300761557207 62.327693904827726 80.2523187562352 T 
15b09Ta 76.89309917492695 11.49379497725841 72.8801456548628 40.56633295969978 85.00024924014532 1.1119208634535382 2.398972774290443 60.23003042320949 78.8968585714215 T 
16a01Tb 74.1003885133195 11.074814877429704 63.9505058945633 43.28176844169461 84.35223113929138 0.06489900392748149 0.5801554476878341 54.94256603880346 73.39263854858099 T 
16a02Tc 80.5488328561021 12.078634092681039 73.18981734932918 47.108334834547186 88.9476642710418 1.6355824791367615 0.675761291730312 60.624173099045834 82.26459748611592 T 
16a04Tc 78.01018501680878 13.33791739339379 69.33498779403014 43.39520793214445 87.1078160413816 0.06830348745785624 2.5779585463943198 53.03987793645993 79.25893038871861 T 
16a05Tb 77.63551813590843 12.437514393377198 62.989201612247435 43.211025489690456 88.7871317370917 4.170812721553792 3.8145388205328112 54.4206199706745 77.20716078023602 T 
16a07Td 74.34638688169761 10.741483614758165 64.17204969744446 45.18990718813203 85.06695185893683 1.8575807746841948 0.2042208806363365 55.069624878789924 74.10929623859485 T 
16b01Tb 76.15164450350139 13.003235991042361 65.9750334615683 42.029026597713305 89.16076823110006 0.5682806903574702 1.224720912770472 51.03392570908495 75.78658795462142 T 
16b03Ta 78.0225180113223 13.79344083794477 72.68778432305054 39.6148802378804 85.52360683457816 5.692957236306475 1.8084289241221891 53.41942448381733 79.94154189832804 T 
16b10Tb 79.21673965657746 13.710556747433413 72.56453609787206 41.111526200618094 87.12820686713852 1.8860318958018787 0.3718862443706872 56.1390093397645 81.25050795127333 T 
16b10Td 75.55685661150862 12.204463860019855 69.26849601296678 37.59843838864433 85.19906616782495 2.59960049975749 0.18884610009952857 54.38109957881019 76.82912068043261 T 
03a01Wa 76.20227965489185 16.348592192917064 70.56356506608287 25.47116641966597 86.38526808151123 0.04621552609538013 1.2345229310951595 55.28548393078512 75.28231263052075 W 
03a02Wb 74.43051844815058 13.209870996984051 68.2866977059416 28.349981066888216 85.39611491883133 2.0673621143357988 1.1485093015440895 60.263613808845676 74.82768665523794 W 
03a02Wc 74.16899975362776 15.119740742253803 65.04582329064667 22.022082163323834 87.05005200287147 1.457067607269101 0.8552264043984427 56.99004378541159 73.17056848410162 W 
03a04Wc 76.434238158285 14.466660271481253 66.11300064187579 24.387220282279785 86.68424074669139 2.0153958333333337 0.34676594343456735 57.442032588816446 75.06416326202483 W 
03a05Wa 73.67081667560434 13.817303156903463 65.6483798691602 26.09610216545931 87.43770330429636 0.027041666666666554 2.8739639256488356 57.0548191507618 73.74230062322948 W 
03a05Wb 75.77830879301126 14.729345033631851 67.59237717740045 18.153480924516312 85.89318991527414 2.772678089793486 2.3710444683041985 57.30263253820395 75.6376970217613 W 
03a07Wc 75.46957420930286 12.224855172285492 70.67137264951107 25.09876889286421 84.74757685328179 0.0448436855780487 1.7748100193926666 61.760118061731085 74.5796736514087 W 
03b01Wa 74.29451478230827 12.292799018247441 69.23473429286462 24.39162916543998 85.50759410876555 0.06299741349899621 1.097892688203162 61.457746421553594 74.8843176248734 W 
03b01Wc 73.83682374614017 12.541236542537193 69.61309611780987 25.064997461258052 85.02153854233217 0.9566320815481467 1.5987166139413784 60.20014693785288 73.81607429491086 W 
03b02Wb 75.63280194671563 15.801168004102296 69.03385265225273 26.45118766596903 85.06916602499489 1.9062319974991617 0.9686347545159525 57.565056868708794 75.88453842635327 W 
03b03Wc 72.90025635935459 11.871612572377064 66.55448400560375 22.15733857538875 86.56812844391605 3.79197207737154 2.904053982939133 58.489736499206764 73.30067406606615 W 
03b09Wa 73.35544658909387 12.723788236061393 67.4524538039099 26.616166086422734 86.8983461048067 2.856704581207138 1.8753792154000268 58.706224668846815 72.78659769151069 W 
03b10Wb 73.7657965043734 13.70808876930732 66.85406855612834 19.780419286009888 85.1197211838468 2.1365520833333336 0.8171127271448084 57.30884439374212 73.02472492431976 W 
03b10Wc 75.39590442209555 12.897402731021744 68.76607503258954 24.9693058245986 86.90654539699088 2.360624371069807 0.9918375581545725 59.192541205717646 73.47698447470637 W 
08a01Wa 71.93101634167056 17.278184881968915 65.17815760367267 15.758596752789568 82.810115473801 1.562165008315698 0.3433003376237143 50.38706402150261 73.25222944194776 W 
08a01Wc 77.82053926839515 16.453893480051516 69.38715733247645 19.88399511042169 85.86684937210615 0.06765549866449343 0.9924795758330132 55.931797397541814 79.00242957832246 W 
08a02Wc 71.73696878401569 16.788579377778074 60.22452152172392 9.837444873087424 83.13688504224773 1.8196477768583308 0.16697618866921643 47.27985479162582 69.60771433563075 W 
08a04Wc 76.48907452987027 15.330685122428909 66.6150734383516 18.320888467426784 84.61506740237468 1.7483694709942836 0.16802582592648213 57.39967487854116 77.38871461559347 W 
08a05Wa 77.08609445105522 12.96427768014392 70.52154792111432 29.131634240279006 86.6980725083022 2.828699126986673 2.3189611441641844 63.44246653029609 77.16092630679526 W 
08a07Wc 74.19588578957031 13.244182083184471 66.69095806057577 17.80522772460774 86.04263181230698 0.7446474561385173 1.7970614636259783 57.86397916155482 73.10793523766782 W 
08b01Wa 74.9664260738781 64.58878817397856 67.18987632878587 -300 87.16551992735768 0.027583333333333217 0.3648749067257854 56.45551994571975 74.68007010255792 W 
08b02Wd 74.7350980576152 14.465591913664909 67.85474839468246 22.564554341786963 86.18913515003376 3.380241389930987 2.6519825967629953 59.1454751662105 74.4356137243844 W 
08b03Wd 69.38027802496693 13.211477386627678 60.51224450363655 15.107673910593823 83.58723981539812 0.0798838545729652 3.0737105219683696 51.99167474943002 67.99963291384692 W 
08b09Wa 75.9577875119865 14.893445756859935 68.48547819728027 26.437695791468816 86.9967946998073 3.1004447140591846 2.08305340691918 56.16872601138081 75.67996815536614 W 
08b09Wc 74.5175306739796 14.792629291774132 65.79815489760362 27.25351729446022 84.84013008079415 0.029052083333333346 2.6680977518504356 54.89890698769875 73.96012656070567 W 
08b10Wa 74.68821024236628 15.046157801092896 65.54748565788388 22.23509741215498 85.0645296306881 0.02768750000000001 2.2615124911104694 56.3475821242596 73.97564817384946 W 
09a01Wb 72.84484499771354 16.880913649224002 64.32357522957452 19.37992547766113 82.65286682616173 1.6513974636238213 1.0378252453045589 47.86934947618271 70.03871457641856 W 
09a02Wb 71.26190787155761 13.811978044576795 62.19501579021408 17.7690901130604 83.56416458318077 1.6146640961285432 1.0703069741190399 52.52200205514668 69.66442287935222 W 
09a04Wa 71.84511106838967 13.565418294715892 62.14210604741302 22.03228256263226 84.24644762736474 0.036671511727950815 0.45653712723555745 52.02879401370828 68.06422717674977 W 
09a05Wb 73.73314802750079 13.954702267913225 67.52538221632904 26.148992566129383 85.37919221154053 0.9147428765474165 3.1102960751267124 58.75463595491137 74.10674036517163 W 
09a05Wc 72.04152393864388 15.283034152622882 65.43948979404328 12.01494312406805 85.4576947132175 3.126823004541021 2.583797461967833 54.26677190459273 71.62436799335589 W 
09a07Wb 75.443910736925 15.923097296820467 68.12327973002138 11.474995761809154 84.0815825775932 1.941493009434601 1.6648770849548655 55.69668363053241 75.60704597216807 W 
09a07Wd 75.19076933614522 14.792210321763005 70.97988822423338 25.74030535477869 83.44433069823168 1.2868975020087614 1.9677011724095688 62.07161469861262 76.87665290012501 W 
09b01Wb 74.85940679630059 13.588440849381568 70.56345933826515 14.853529568152375 84.13682790654507 2.1107931584143063 1.1299507778053088 60.81052621970906 76.42285056050378 W 
09b02Wc 76.81535435840314 11.229024599490446 72.83029659549254 30.83382817542014 85.96212740438862 0.034249868752243964 2.1734554592220867 67.44832181644217 77.8995932686631 W 
09b02Wd 72.51507704022937 12.480662410901736 66.30349890060975 25.37293050735033 83.87704049856391 0.5017723057750806 0.7015353420719614 59.217619927160854 72.30303323345905 W 
09b03Wb 75.09628010440963 14.66339310396158 68.97344525323034 19.17855347111653 83.87676665956522 3.5129475974870052 2.823628314032471 60.82193767709111 74.86917473340542 W 
09b09Wa 76.14481945528756 15.23691199417627 72.32435098571145 17.166405723201844 84.0138968597651 0.9275511645629553 0.812995130998077 58.836817065878435 77.71863397959928 W 
09b10Wa 75.23661621758366 11.955517944176576 70.52609057861319 27.09927627290965 84.45218906117866 2.1766458333333336 0.894046628504741 61.91355788254527 75.40206449960098 W 
10a01Wa 73.03689752059408 13.009964858102888 67.88284966553425 23.02870304280927 82.02772740538109 2.1418229166666665 1.2718201534906268 58.3980834334571 73.56627311838564 W 
10a02Wa 74.26270854940077 13.36719429551738 67.7613777023507 27.92617300760564 84.15174073207653 0.0980474381427672 0.870657143480206 58.29916935625266 75.81025800727751 W 
10a04Wa 74.42649134510708 11.484315039445278 70.64945989968514 33.021449743086954 83.50118240813137 2.805967089996918 2.593239999367878 62.08414583255956 75.46479440568 W 
10a04Wb 77.36698263510655 14.740935211526649 66.81005398100135 25.570728410532023 88.52497777429203 0.04695422079176406 0.8049542827358939 56.689787303446835 76.8049734783122 W 
10a05Wb 69.48017658846835 13.691467116789747 59.704316930152245 20.859377588987797 85.58214978595807 0.029364583333333284 2.8726600271671097 48.384024806555715 65.78026869939653 W 
10a07Wb 72.65008785439866 10.80237513599247 60.5887300298783 25.757724885757046 86.07091236633225 0.026718749999999937 1.7328011314321177 56.46920230060685 66.32467101352916 W 
10b02Wb 72.87929508451934 12.358145287487911 63.768256871609566 20.045282165143067 86.60628792252616 0.04135667143430337 2.4242778981888415 58.52696898832983 68.32137591931048 W 
10b03Wb 75.77371493557534 11.205163538633633 62.476976281184655 20.23245857995739 90.5120483442608 0.8284280649768899 3.4796091734654184 58.322138330027805 69.35991330852266 W 
10b09Wb 73.32818261988467 11.111749436799085 62.41962030660976 27.564752189258257 87.18693583115255 1.157912268684316 2.5964221229287574 56.887412974717655 69.68529231142031 W 
10b10Wa 69.97383491865199 13.787378223427572 60.25632610179364 22.76327135322823 84.77837165545519 0.8001836310199836 1.958842404754879 49.74859265168616 66.93832840273801 W 
11a01Wc 73.23296218940956 15.319516083227708 66.87983449371045 22.840705642562394 85.9418250112136 0.043153029518708974 1.2928241445009634 51.50464191601083 72.65389896512777 W 
11a02Wc 74.32395766918931 12.492292283278301 64.54709274347115 22.44124873954543 87.89414711386802 0.056962301993378484 1.3670028334343949 56.69303160563002 72.41869917825635 W 
11a04Wc 76.42279368367353 15.748586084347677 64.38598950343145 16.42812803455023 86.94853275086619 2.64946875 1.5683806284024977 52.82562851595376 76.30242495287567 W 
11a05Wd 74.50089566910333 14.772826680065727 66.18719117123538 24.470480785874923 85.56330203182219 0.055712345609319876 2.5622268868904494 54.33383183130033 73.00770998664592 W 
11a07Wc 73.92608010363541 14.722177616803922 64.28585084764936 17.19418798513396 86.13865335832136 2.1805782668122644 1.1746794360542365 55.42573452637929 73.99669955077809 W 
11b01Wd 73.78611636787228 12.741874469245447 67.9240691854533 21.509791201931947 86.83157067418212 2.7873437500000002 1.7008290845577858 58.39978798949794 74.20166250122602 W 
11b02Wb 76.80294529197123 12.320045530826306 69.43151533276131 24.538024563610904 86.05655996485451 0.040960871064034836 0.4023146339548538 63.90708343075119 77.11531525228361 W 
11b03Wa 68.49427412805852 12.381167738786012 62.00026707629361 19.38268434821491 82.4865817776953 4.035739583333333 3.205727189206507 52.28950913337394 68.34713990297053 W 
11b03Wb 74.59786684174783 13.775818732952299 64.17085540873319 18.737221163555162 86.86139181798016 2.178351000803685 0.6250134368085516 54.10594885576054 71.26178773692514 W 
11b09Wa 75.31571769949647 14.724361315340026 67.45898750975229 20.338325274310623 88.39445787623187 3.775107447023454 2.3584537514856967 58.47097935456328 75.41764636915869 W 
11b10Wa 73.14971782817003 12.944666257965427 65.91327058571578 26.209360059558772 85.56254391043237 0.06794375636429058 1.041334780389967 56.62684275005079 72.00670821192483 W 
12a01Wc 72.74296649310425 16.015712869380074 66.68996848938812 18.64520349994333 82.8631780678693 0.05843813655910986 1.6348388574055492 53.46473387314071 72.7904881627947 W 
12a02Wa 75.08340044021938 14.421755483736533 68.17276119675464 29.74214833789275 85.96563400040559 0.057963573220184 0.9719986404489481 59.69723411494158 75.22808247808318 W 
12a02Wc 77.05746939259028 15.744936097250413 70.79014495819621 24.455556901578642 86.07516595436317 1.4120724386407804 0.9071061353529466 63.14618024429532 78.35160435433974 W 
12a04Wc 76.28945944226172 12.910334144884331 70.69683044771213 30.722770411450654 84.37403553087196 0.07025718556977117 0.1902819964766763 63.77201449971567 77.97954379833236 W 
12a05Wb 75.38631957623433 14.461216628159974 69.12373134395182 20.62131797430826 84.33550258776457 3.4156698695239336 2.8274361890267965 59.37738802895704 77.00084251749331 W 
12a07Wa 77.74580150106915 11.972776849716402 74.48436539507507 30.007357432235608 85.74150622587358 0.7945064919564346 1.2671762002231333 69.28734938909261 80.35818062717001 W 
12b01Wa 73.02941931386536 13.045808040981761 67.67202023264434 23.56474151719202 83.27490540873296 2.208625 1.2538135946522544 60.627812275453266 73.22345496177475 W 
12b02Wa 75.81108227753514 13.047380861815336 67.56174900779449 28.56830915557646 86.63930769410808 2.7552083333333335 2.2642986913433623 62.095565541700324 75.01662461764295 W 
12b02Wb 74.52933530610852 13.805835260567031 68.6181054648271 21.20708436282374 83.6380851861003 0.05707312842810929 0.6939846922328637 60.25852672544508 75.15082856399458 W 
12b02Wd 74.1431932684845 11.736118391119112 65.37104544940783 24.25912528097367 87.29626990699246 1.0804157152947504 2.280501741780883 59.94994013514511 71.34512483078505 W 
12b09Wc 74.93894607376451 12.983358723003034 70.13060697813162 27.265597147756193 84.32631461952913 1.9639302008314927 1.5741228156867575 62.06773186379707 75.64283187071315 W 
12b10Wa 74.08134773063007 15.395105628778609 68.32588683853396 16.65137383360379 82.45192854230727 2.45407569416197 1.5601394664812271 58.505299421804935 75.5448779264443 W 
13a01Wb 74.07044081677911 14.274769911314017 66.75958263695837 28.158575681296348 87.22135979612014 0.4532695465034372 1.4974648495180132 55.91538279469499 72.77148766663116 W 
13a02Wa 74.25686179026847 14.080090671614922 68.38529399083212 23.34966714470231 85.59963460393561 0.04402672576691574 0.15394441166133155 56.421620601001166 73.90231317948985 W 
13a04Wc 76.79558948585483 13.73215952574427 67.51577459570245 22.424134387855343 86.30269156453525 1.9573438265058407 0.20310515699634918 59.6512381997907 77.3902525731367 W 
13a05Wa 74.14009456712928 13.945302728940765 69.42841019953356 28.14568641137746 87.24969396297467 0.0750519897393703 0.37000306335305533 56.74582482460356 73.58335012217364 W 
13a05Wc 75.22582643072082 14.4145227380568 65.61958336397039 21.86012446693626 87.99362384085138 3.325441681581583 2.1409636541078814 56.485725749950554 71.89317931460475 W 
13a07Wb 74.05939313675805 13.63102173486868 68.52739974085166 23.90435472784402 86.44919008592277 2.2145976944746257 1.9747683322984226 57.48224921790664 72.59290415573587 W 
13b01Wa 77.43787267354793 12.780582154470089 75.13234531214351 30.20008707892972 86.93838788226792 2.211516863628735 0.5334088459252877 64.86543652188672 78.5576682844654 W 
13b02Wa 78.35721637025868 13.4356998176286 73.65188615238922 29.836742257992462 87.59376265973913 2.337471450998208 0.46581244059038784 66.05712041018059 79.97505780535673 W 
13b03Wc 75.21793370733779 12.717018776050331 69.12217497680155 23.594918334855066 87.40127756356216 3.5380972746849846 1.8071088590854707 60.15476104015072 74.31604407244157 W 
13b09Wa 76.17490954603622 12.396142311759782 68.50565001700747 23.243812014964917 87.09846741882441 0.04479295637157044 1.50732161583562 59.923064207176864 73.57738889447825 W 
13b10Wa 77.88970128185548 12.763133802108268 74.45938711454352 26.227094243543544 87.423594983816 0.030427563188385142 0.736337390989723 66.98450223297658 78.50845363970254 W 
13b10Wc 74.02153866212934 11.997203673671915 68.831727586081 23.91245612813102 84.94702317696716 2.6103524707121313 0.4455913751646264 61.85647940247802 73.1329355733953 W 
14a01Wa 75.66048246414951 15.79407957240769 69.87822264217455 25.535529851891173 85.4362286843055 0.6079006749921586 0.27350941553998304 54.91054082999288 75.69287118426183 W 
14a01Wc 74.542987091618 15.755083960103072 68.77441934932216 22.764614398667334 83.51372041309929 0.813398040350694 1.2344287027926881 53.10267341346754 74.06719514262036 W 
14a02Wa 74.27863094963999 17.004470231339038 65.08259388286605 16.157534650652018 84.05622705024994 1.9675695839365015 1.2331060328306056 54.39992674413401 73.1870733268831 W 
14a02Wc 74.88421668851826 14.18713725529773 68.80811266633471 15.331371891795717 85.6425227367693 2.062979166666667 1.3913337225220854 59.320429718803496 74.37264647657148 W 
14a04Wb 76.79679219507565 12.422497318580213 69.8127846802276 25.93402192814318 86.01704515395248 1.6711795419866102 0.3840176736369753 61.961221998425714 77.11419150094916 W 
14a04Wc 75.39827324780896 17.791733832327957 62.21035329655825 18.174783202920764 85.82951954430256 2.4493619483057945 0.6040138660385623 46.35913646951097 72.08321140842985 W 
14a05Wa 75.85909862337269 15.514200350552596 69.99384536694797 22.11009146503977 86.11352527181377 1.094897434611242 2.276088477602618 58.14874390107383 75.17655361250395 W 
14a05Wb 76.2084483844145 13.895021038063428 69.46379409051454 26.37766146766961 88.06766579952362 2.852164834799186 1.8006565303923152 59.10386841877644 74.67827146322469 W 
14a07Wc 74.16927470503026 14.718419733664726 68.29493742811454 23.066771945208675 83.19382291507328 2.009536193475999 1.5792730699743056 59.07514437391386 74.37246008659938 W 
14b01Wc 75.4562220373798 12.504919376124336 71.78135137089163 26.81816239600169 84.82338063751611 0.06069456095705625 1.7279624771471298 62.83590997884296 76.82266200220101 W 
14b02Wb 73.36407159107412 12.032882288142726 67.57597514183 21.8764357304075 84.51108438846616 2.668725928033813 1.7383748482460928 60.2768351705769 73.94912355809586 W 
14b02Wd 75.2830786068372 13.882627035395819 70.13755708447178 21.032967551173556 84.7371296349821 0.04924639843037637 1.0852238930794476 61.37577621065594 75.66902846592107 W 
14b03Wb 73.99950017777968 13.38571750992688 66.30369685658681 14.708402647637852 87.76789745747446 3.6615564655897512 2.918352612899891 56.50313497080526 72.09443641027514 W 
14b09Wa 73.37858052037015 13.543616938504815 68.87259934287403 19.22461063648081 83.25312832677645 3.496926020706187 1.851388131120812 59.32373257727387 72.03982364486065 W 
14b09Wc 75.19322483672565 13.402618075429704 70.9394357337299 21.751991134189343 83.56070297496605 2.7420104166666666 1.6784207263497115 61.11965213544247 75.57320619469681 W 
14b10Wc 72.65721834535928 12.949126121627046 67.58165358421985 23.01176803926619 81.9900343977069 2.62765625 1.0701584738082741 59.735803185914996 72.60611869797224 W 
15a01Wa 75.20510312240503 18.125041694786052 66.38773999514035 16.51532320168023 84.95462906166071 1.7721486230670118 1.036343164005353 52.011838114168455 72.49869465545277 W 
15a02Wb 73.63424538041316 15.81611813913667 62.967450470282586 15.301980609072771 85.15413637233168 1.7722005875351605 1.0905174690806367 55.46482368641052 73.65690728880163 W 
15a02Wd 72.85598168661774 14.961974306367635 63.55069519272433 19.770434507079187 83.03748819831559 1.7748009757396974 1.1137242922844999 55.021706947590076 72.27218262750459 W 
15a04Wa 76.20306469655476 15.516776024864603 65.49584505045263 19.64848799822381 84.84932005797691 0.07504603273294216 1.4744909213070463 56.7605297434995 75.38315779406132 W 
15a04Wb 76.41154251376597 16.81769898009583 66.99048616848303 9.517776089068 85.29354020413332 0.0486749119926818 0.45623311238030656 57.295620449003316 75.66650977965236 W 
15a05Wa 73.61849755189445 15.037948088709786 68.15938379339866 16.009833450668076 85.28924266086331 2.9207426182425995 2.4611172111450474 59.3023154385761 74.60348667400461 W 
15b01Wc 77.8293081484469 13.047464967626324 72.84543350552342 26.72614095003186 86.87303461555935 2.556873857743513 1.1485522653995566 65.82501247718761 77.9211349914747 W 
15b02Wa 75.74408992061673 12.41685191352356 69.04119081629837 25.07758036709111 86.48127129363648 2.6948908972815793 0.7162465284758434 62.38977678378875 75.71448820444266 W 
15b02Wc 76.05846188980205 13.512594498079284 66.74120858587506 18.013117830022853 86.53588344713154 2.5772175474144863 0.630985596094017 59.85442042076629 74.92341360959577 W 
15b03Wa 74.67569732064653 10.996462907181767 66.43175663181012 29.046212901250637 83.47753841891307 0.02813541666666667 1.5822301371853797 60.85357919031415 73.90614051765232 W 
15b03Wb 76.26057605045841 13.442651461677718 69.92263467076833 20.56918004617741 85.89975238093012 0.0540294499011205 2.2515079252338155 63.325207320125116 76.20295836710778 W 
15b09Wb 71.95829683777346 13.325260222619509 65.1661160399708 20.50207033287288 83.40101691478236 0.8979495125351539 1.6612855569053018 56.80681610278612 71.073127803202 W 
15b10Wa 74.26272891190112 12.693333694666102 69.7584546042828 14.964153689239536 84.41856761153969 0.026874999999999906 1.757115865226343 60.79341793194472 76.00971210301407 W 
16a01Wb 74.81315738360124 15.546274148442542 68.04212014090828 20.622638860245583 85.17613217292875 0.07333588966193588 1.757506801375654 52.22826237172019 74.34732567404839 W 
16a02Wb 71.03798799140426 17.051129895568234 60.36344413397316 13.827800943513898 81.06178857570474 1.1334312833850815 0.49496605781454717 45.62834008138472 69.93306649147894 W 
16a04Wb 70.75827373183338 14.01675584284746 58.92565400724369 22.40162249185308 83.00378428549618 1.0138628705135144 2.0319201424579756 50.357619656285515 66.39678621004069 W 
16a04Wc 73.37612477912758 14.45841204459393 63.79735408197848 15.812319608497598 83.028977700798 1.9115993132800777 0.5138385513797048 53.41848779750789 72.88673310286114 W 
16a05Wb 74.9965073965914 13.192402762163747 69.79070543569989 24.684692011027696 88.09414855530663 3.5721260741804217 3.0635708179678716 60.308089317463754 75.23939818522372 W 
16a05Wc 72.59855977419744 14.990409519451083 64.12824179985816 14.206494164583642 84.38121615428842 3.773708333333334 2.3211131827334586 53.22307156176742 72.3772590853184 W 
16a07Wa 72.47629993004578 16.00029419117883 58.4116329172071 13.03353375003092 83.36007740459907 0.044351437653621394 1.876600609077684 49.65450684554821 67.12090400351158 W 
16b01Wa 74.32995406558202 12.970302377639602 70.26413861351497 21.540750646682486 82.60013282345638 2.581604166666667 1.3931029988330836 61.21947175222461 75.70193685009728 W 
16b01Wb 73.32697804249469 14.79794926913072 67.55798839073168 13.8060999675379 81.63071547112894 2.6170603754283825 0.46895781793265745 57.063953393052635 75.06426174162037 W 
16b02Wb 71.34394535292886 13.678720165208995 64.20580429758417 14.752316276318286 82.62998942284355 3.149460731865978 2.4165898024639167 56.50589739991198 71.16584327039787 W 
16b03Wb 72.82463102729801 15.400081845378086 62.61191434249465 13.959669838861437 82.60408100519442 3.862458464102199 2.8812449141761025 55.67406792024093 71.48275124715248 W 
16b09Wb 71.4683977495509 14.697465306855383 63.24469401339482 14.77734936527566 82.93688471459679 0.08086113665517061 2.8007314659632208 51.681814515621916 70.06062612900753 W 
16b10Wa 69.2732156648567 13.495918991028521 61.10182849244968 14.587052106851045 81.00169926639624 0.09022807486790335 0.9748944475926847 50.96517106000542 66.02656887489476 W 
16b10Wb 73.67050552262901 12.96897244832408 68.57541439958005 24.683527550095818 83.0019141034002 2.460010966044636 1.0798589372315683 58.85986791864893 75.52575408492224 W 
